"","agency_cd","site_no","Date","Wtemp","Wtemp_cd"
"1","USGS","06188000",2014-05-01,7,"A"
"2","USGS","06188000",2014-05-02,7,"A"
"3","USGS","06188000",2014-05-03,5.6,"A"
"4","USGS","06188000",2014-05-04,3.9,"A"
"5","USGS","06188000",2014-05-05,4.7,"A"
"6","USGS","06188000",2014-05-06,3.6,"A"
"7","USGS","06188000",2014-05-07,3.4,"A"
"8","USGS","06188000",2014-05-08,4.9,"A"
"9","USGS","06188000",2014-05-09,4.9,"A"
"10","USGS","06188000",2014-05-10,3.9,"A"
"11","USGS","06188000",2014-05-11,4.6,"A"
"12","USGS","06188000",2014-05-12,5.1,"A"
"13","USGS","06188000",2014-05-13,5.5,"A"
"14","USGS","06188000",2014-05-14,6.4,"A"
"15","USGS","06188000",2014-05-15,7.8,"A"
"16","USGS","06188000",2014-05-16,6.4,"A"
"17","USGS","06188000",2014-05-17,5.9,"A"
"18","USGS","06188000",2014-05-18,5.3,"A"
"19","USGS","06188000",2014-05-19,4.9,"A"
"20","USGS","06188000",2014-05-20,5.2,"A"
"21","USGS","06188000",2014-05-21,6,"A"
"22","USGS","06188000",2014-05-22,5.9,"A"
"23","USGS","06188000",2014-05-23,5.6,"A"
"24","USGS","06188000",2014-05-24,5.7,"A"
"25","USGS","06188000",2014-05-25,6.2,"A"
"26","USGS","06188000",2014-05-26,6.2,"A"
"27","USGS","06188000",2014-05-27,6.2,"A"
"28","USGS","06188000",2014-05-28,6.4,"A"
"29","USGS","06188000",2014-05-29,6.5,"A"
"30","USGS","06188000",2014-05-30,6.4,"A"
"31","USGS","06188000",2014-05-31,6.3,"A"
"32","USGS","06188000",2014-06-01,6.1,"A"
"33","USGS","06188000",2014-06-02,6.9,"A"
"34","USGS","06188000",2014-06-03,6.5,"A"
"35","USGS","06188000",2014-06-04,6.1,"A"
"36","USGS","06188000",2014-06-05,6.8,"A"
"37","USGS","06188000",2014-06-06,7.1,"A"
"38","USGS","06188000",2014-06-07,7.1,"A"
"39","USGS","06188000",2014-06-08,7.3,"A"
"40","USGS","06188000",2014-06-09,7.5,"A"
"41","USGS","06188000",2014-06-10,7.2,"A"
"42","USGS","06188000",2014-06-11,7.6,"A"
"43","USGS","06188000",2014-06-12,7.7,"A"
"44","USGS","06188000",2014-06-13,8.7,"A"
"45","USGS","06188000",2014-06-14,6.5,"A"
"46","USGS","06188000",2014-06-15,6.9,"A"
"47","USGS","06188000",2014-06-16,7.3,"A"
"48","USGS","06188000",2014-06-17,6.6,"A"
"49","USGS","06188000",2014-06-18,6.4,"A"
"50","USGS","06188000",2014-06-19,7,"A"
"51","USGS","06188000",2014-06-20,8.7,"A"
"52","USGS","06188000",2014-06-21,9.7,"A"
"53","USGS","06188000",2014-06-22,8.5,"A"
"54","USGS","06188000",2014-06-23,8.9,"A"
"55","USGS","06188000",2014-06-24,9,"A"
"56","USGS","06188000",2014-06-25,9.6,"A"
"57","USGS","06188000",2014-06-26,9,"A"
"58","USGS","06188000",2014-06-27,8.5,"A"
"59","USGS","06188000",2014-06-28,8.2,"A"
"60","USGS","06188000",2014-06-29,8.6,"A"
"61","USGS","06188000",2014-06-30,9.5,"A"
"62","USGS","06188000",2014-07-01,10,"A"
"63","USGS","06188000",2014-07-02,11.1,"A"
"64","USGS","06188000",2014-07-03,11.4,"A"
"65","USGS","06188000",2014-07-04,11.6,"A"
"66","USGS","06188000",2014-07-05,12.1,"A"
"67","USGS","06188000",2014-07-06,12.4,"A"
"68","USGS","06188000",2014-07-07,12.9,"A"
"69","USGS","06188000",2014-07-08,12.9,"A"
"70","USGS","06188000",2014-07-09,13.4,"A"
"71","USGS","06188000",2014-07-10,13.4,"A"
"72","USGS","06188000",2014-07-11,13.4,"A"
"73","USGS","06188000",2014-07-12,13.3,"A"
"74","USGS","06188000",2014-07-13,13.9,"A"
"75","USGS","06188000",2014-07-14,13.7,"A"
"76","USGS","06188000",2014-07-15,13.2,"A"
"77","USGS","06188000",2014-07-16,13.6,"A"
"78","USGS","06188000",2014-07-17,13.9,"A"
"79","USGS","06188000",2014-07-18,13.7,"A"
"80","USGS","06188000",2014-07-19,14.9,"A"
"81","USGS","06188000",2014-07-20,15.6,"A"
"82","USGS","06188000",2014-07-21,15.3,"A"
"83","USGS","06188000",2014-07-22,14.6,"A"
"84","USGS","06188000",2014-07-23,16.1,"A"
"85","USGS","06188000",2014-07-24,16.4,"A"
"86","USGS","06188000",2014-07-25,15,"A"
"87","USGS","06188000",2014-07-26,14.8,"A"
"88","USGS","06188000",2014-07-27,15.4,"A"
"89","USGS","06188000",2014-07-28,16,"A"
"90","USGS","06188000",2014-07-29,15.8,"A"
"91","USGS","06188000",2014-07-30,15.5,"A"
"92","USGS","06188000",2014-07-31,16.4,"A"
"93","USGS","06188000",2014-08-01,15.7,"A"
"94","USGS","06188000",2014-08-02,15.6,"A"
"95","USGS","06188000",2014-08-03,16,"A"
"96","USGS","06188000",2014-08-04,15.1,"A"
"97","USGS","06188000",2014-08-05,14.2,"A"
"98","USGS","06188000",2014-08-06,14.8,"A"
"99","USGS","06188000",2014-08-07,15.5,"A"
"100","USGS","06188000",2014-08-08,14.3,"A"
"101","USGS","06188000",2014-08-09,14.7,"A"
"102","USGS","06188000",2014-08-10,16.2,"A"
"103","USGS","06188000",2014-08-11,17.2,"A"
"104","USGS","06188000",2014-08-12,17.5,"A"
"105","USGS","06188000",2014-08-13,17.8,"A"
"106","USGS","06188000",2014-08-14,17.7,"A"
"107","USGS","06188000",2014-08-15,17.4,"A"
"108","USGS","06188000",2014-08-16,16.5,"A"
"109","USGS","06188000",2014-08-17,16.6,"A"
"110","USGS","06188000",2014-08-18,16.4,"A"
"111","USGS","06188000",2014-08-19,15.3,"A"
"112","USGS","06188000",2014-08-20,15,"A"
"113","USGS","06188000",2014-08-21,14.2,"A"
"114","USGS","06188000",2014-08-22,13.2,"A"
"115","USGS","06188000",2014-08-23,12.2,"A"
"116","USGS","06188000",2014-08-24,10.5,"A"
"117","USGS","06188000",2014-08-25,10.3,"A"
"118","USGS","06188000",2014-08-26,12.3,"A"
"119","USGS","06188000",2014-08-27,14,"A"
"120","USGS","06188000",2014-08-28,14.7,"A"
"121","USGS","06188000",2014-08-29,15.4,"A"
"122","USGS","06188000",2014-08-30,14.1,"A"
"123","USGS","06188000",2014-08-31,10.7,"A"
"124","USGS","06188000",2014-09-01,10.8,"A"
"125","USGS","06188000",2014-09-02,11.6,"A"
"126","USGS","06188000",2014-09-03,12.5,"A"
"127","USGS","06188000",2014-09-04,11.9,"A"
"128","USGS","06188000",2014-09-05,11.4,"A"
"129","USGS","06188000",2014-09-06,11.8,"A"
"130","USGS","06188000",2014-09-07,12.6,"A"
"131","USGS","06188000",2014-09-08,12.7,"A"
"132","USGS","06188000",2014-09-09,12.9,"A"
"133","USGS","06188000",2014-09-10,11.3,"A"
"134","USGS","06188000",2014-09-11,8.8,"A"
"135","USGS","06188000",2014-09-12,7.1,"A"
"136","USGS","06188000",2014-09-13,8.6,"A"
"137","USGS","06188000",2014-09-14,9.7,"A"
"138","USGS","06188000",2014-09-15,10.5,"A"
"139","USGS","06188000",2014-09-16,10.9,"A"
"140","USGS","06188000",2014-09-17,12,"A"
"141","USGS","06188000",2014-09-18,12.3,"A"
"142","USGS","06188000",2014-09-19,12.1,"A"
"143","USGS","06188000",2014-09-20,12.2,"A"
"144","USGS","06188000",2014-09-21,12.3,"A"
"145","USGS","06188000",2014-09-22,13.8,"A"
"146","USGS","06188000",2014-09-23,13.6,"A"
"147","USGS","06188000",2014-09-24,13.5,"A"
"148","USGS","06188000",2014-09-25,13.7,"A"
"149","USGS","06188000",2014-09-26,13.3,"A"
"150","USGS","06188000",2014-09-27,12.8,"A"
"151","USGS","06188000",2014-09-28,10.8,"A"
"152","USGS","06188000",2014-09-29,9.9,"A"
"153","USGS","06188000",2014-09-30,9.5,"A"
"154","USGS","06188000",2014-10-01,8.2,"A"
"155","USGS","06188000",2014-10-02,6.7,"A"
"156","USGS","06188000",2014-10-03,5.6,"A"
"157","USGS","06188000",2014-10-04,6.7,"A"
"158","USGS","06188000",2014-10-05,8.6,"A"
"159","USGS","06188000",2014-10-06,9,"A"
"160","USGS","06188000",2014-10-07,9.6,"A"
"161","USGS","06188000",2014-10-08,9.9,"A"
"162","USGS","06188000",2014-10-09,9.3,"A"
"163","USGS","06188000",2014-10-10,8.7,"A"
"164","USGS","06188000",2014-10-11,8,"A"
"165","USGS","06188000",2014-10-12,7.5,"A"
"166","USGS","06188000",2014-10-13,6.2,"A"
"167","USGS","06188000",2014-10-14,6.2,"A"
"168","USGS","06188000",2014-10-15,6.7,"A"
"169","USGS","06188000",2014-10-16,6.1,"A"
"170","USGS","06188000",2014-10-17,5.6,"A"
"171","USGS","06188000",2014-10-18,6.2,"A"
"172","USGS","06188000",2014-10-19,6.5,"A"
"173","USGS","06188000",2014-10-20,6.3,"A"
"174","USGS","06188000",2014-10-21,6.7,"A"
"175","USGS","06188000",2014-10-22,5.4,"A"
"176","USGS","06188000",2014-10-23,5.1,"A"
"177","USGS","06188000",2014-10-24,6.3,"A"
"178","USGS","06188000",2014-10-25,5.7,"A"
"179","USGS","06188000",2014-10-26,6.4,"A"
"180","USGS","06188000",2014-10-27,3.2,"A"
"181","USGS","06188000",2014-10-28,2.7,"A"
"182","USGS","06188000",2014-10-29,2.7,"A"
"183","USGS","06188000",2014-10-30,3.5,"A"
"184","USGS","06188000",2014-10-31,4.4,"A"
"185","USGS","06188000",2014-11-01,5.2,"A"
"186","USGS","06188000",2014-11-02,4.6,"A"
"187","USGS","06188000",2014-11-03,2.8,"A"
"188","USGS","06188000",2014-11-04,2.6,"A"
"189","USGS","06188000",2014-11-05,2.8,"A"
"190","USGS","06188000",2014-11-06,2.7,"A"
"191","USGS","06188000",2014-11-07,4.1,"A"
"192","USGS","06188000",2014-11-08,2.8,"A"
"193","USGS","06188000",2014-11-09,2.9,"A"
"194","USGS","06188000",2014-11-10,1.1,"A"
"195","USGS","06188000",2014-11-11,0,"A"
"196","USGS","06188000",2014-11-12,0,"A"
"197","USGS","06188000",2014-11-13,0,"A"
"198","USGS","06188000",2014-11-14,-0.1,"A"
"199","USGS","06188000",2014-11-15,-0.1,"A"
"200","USGS","06188000",2014-11-16,0,"A"
"201","USGS","06188000",2014-11-17,0,"A"
"202","USGS","06188000",2014-11-18,-0.1,"A"
"203","USGS","06188000",2014-11-19,-0.1,"A"
"204","USGS","06188000",2014-11-20,-0.1,"A"
"205","USGS","06188000",2014-11-21,-0.1,"A"
"206","USGS","06188000",2014-11-22,-0.1,"A"
"207","USGS","06188000",2014-11-23,-0.1,"A"
"208","USGS","06188000",2014-11-24,-0.1,"A"
"209","USGS","06188000",2014-11-25,-0.1,"A"
"210","USGS","06188000",2014-11-26,-0.1,"A"
"211","USGS","06188000",2014-11-27,-0.1,"A"
"212","USGS","06188000",2014-11-28,-0.1,"A"
"213","USGS","06188000",2014-11-29,-0.1,"A"
"214","USGS","06188000",2014-11-30,-0.1,"A"
"215","USGS","06188000",2014-12-01,-0.1,"A"
"216","USGS","06188000",2014-12-02,-0.1,"A"
"217","USGS","06188000",2014-12-03,-0.1,"A"
"218","USGS","06188000",2014-12-04,-0.1,"A"
"219","USGS","06188000",2014-12-05,-0.1,"A"
"220","USGS","06188000",2014-12-06,-0.1,"A"
"221","USGS","06188000",2014-12-07,-0.1,"A"
"222","USGS","06188000",2014-12-08,-0.1,"A"
"223","USGS","06188000",2014-12-09,-0.1,"A"
"224","USGS","06188000",2014-12-10,-0.1,"A"
"225","USGS","06188000",2014-12-11,-0.1,"A"
"226","USGS","06188000",2014-12-12,-0.1,"A"
"227","USGS","06188000",2014-12-13,-0.1,"A"
"228","USGS","06188000",2014-12-14,-0.1,"A"
"229","USGS","06188000",2014-12-15,-0.1,"A"
"230","USGS","06188000",2014-12-16,-0.1,"A"
"231","USGS","06188000",2014-12-17,-0.1,"A"
"232","USGS","06188000",2014-12-18,-0.1,"A"
"233","USGS","06188000",2014-12-19,0,"A"
"234","USGS","06188000",2014-12-20,0,"A"
"235","USGS","06188000",2014-12-21,0,"A"
"236","USGS","06188000",2014-12-22,0,"A"
"237","USGS","06188000",2014-12-23,-0.1,"A"
"238","USGS","06188000",2014-12-24,-0.1,"A"
"239","USGS","06188000",2014-12-25,-0.1,"A"
"240","USGS","06188000",2014-12-26,-0.1,"A"
"241","USGS","06188000",2014-12-27,-0.1,"A"
"242","USGS","06188000",2014-12-28,-0.1,"A"
"243","USGS","06188000",2014-12-29,-0.1,"A"
"244","USGS","06188000",2014-12-30,0,"A"
"245","USGS","06188000",2014-12-31,0,"A"
"246","USGS","06188000",2015-01-01,-0.1,"A"
"247","USGS","06188000",2015-01-02,-0.1,"A"
"248","USGS","06188000",2015-01-03,-0.1,"A"
"249","USGS","06188000",2015-01-04,0,"A"
"250","USGS","06188000",2015-01-05,0,"A"
"251","USGS","06188000",2015-01-06,-0.1,"A"
"252","USGS","06188000",2015-01-07,0,"A"
"253","USGS","06188000",2015-01-08,0,"A"
"254","USGS","06188000",2015-01-09,0,"A"
"255","USGS","06188000",2015-01-10,0,"A"
"256","USGS","06188000",2015-01-11,0,"A"
"257","USGS","06188000",2015-01-12,0,"A"
"258","USGS","06188000",2015-01-13,0,"A"
"259","USGS","06188000",2015-01-14,0,"A"
"260","USGS","06188000",2015-01-15,0,"A"
"261","USGS","06188000",2015-01-16,0,"A"
"262","USGS","06188000",2015-01-17,0,"A"
"263","USGS","06188000",2015-01-18,0,"A"
"264","USGS","06188000",2015-01-19,0,"A"
"265","USGS","06188000",2015-01-20,0,"A"
"266","USGS","06188000",2015-01-21,0,"A"
"267","USGS","06188000",2015-01-22,0,"A"
"268","USGS","06188000",2015-01-23,0,"A"
"269","USGS","06188000",2015-01-24,0,"A"
"270","USGS","06188000",2015-01-25,0,"A"
"271","USGS","06188000",2015-01-26,0,"A"
"272","USGS","06188000",2015-01-27,0,"A"
"273","USGS","06188000",2015-01-28,0,"A"
"274","USGS","06188000",2015-01-29,0,"A"
"275","USGS","06188000",2015-01-30,0,"A"
"276","USGS","06188000",2015-01-31,0,"A"
"277","USGS","06188000",2015-02-01,0,"A"
"278","USGS","06188000",2015-02-02,0,"A"
"279","USGS","06188000",2015-02-03,0,"A"
"280","USGS","06188000",2015-02-04,0,"A"
"281","USGS","06188000",2015-02-05,0,"A"
"282","USGS","06188000",2015-02-06,0,"A"
"283","USGS","06188000",2015-02-07,0,"A"
"284","USGS","06188000",2015-02-08,0,"A"
"285","USGS","06188000",2015-02-09,0,"A"
"286","USGS","06188000",2015-02-10,0,"A"
"287","USGS","06188000",2015-02-11,0,"A"
"288","USGS","06188000",2015-02-12,0,"A"
"289","USGS","06188000",2015-02-13,0,"A"
"290","USGS","06188000",2015-02-14,0,"A"
"291","USGS","06188000",2015-02-15,0,"A"
"292","USGS","06188000",2015-02-16,0,"A"
"293","USGS","06188000",2015-02-17,-0.1,"A"
"294","USGS","06188000",2015-02-18,0,"A"
"295","USGS","06188000",2015-02-19,0,"A"
"296","USGS","06188000",2015-02-20,0,"A"
"297","USGS","06188000",2015-02-21,0,"A"
"298","USGS","06188000",2015-02-22,-0.1,"A"
"299","USGS","06188000",2015-02-23,-0.1,"A"
"300","USGS","06188000",2015-02-24,-0.1,"A"
"301","USGS","06188000",2015-02-25,-0.1,"A"
"302","USGS","06188000",2015-02-26,-0.1,"A"
"303","USGS","06188000",2015-02-27,-0.1,"A"
"304","USGS","06188000",2015-02-28,-0.1,"A"
"305","USGS","06188000",2015-03-01,-0.1,"A"
"306","USGS","06188000",2015-03-02,-0.1,"A"
"307","USGS","06188000",2015-03-03,-0.1,"A"
"308","USGS","06188000",2015-03-04,-0.1,"A"
"309","USGS","06188000",2015-03-05,-0.1,"A"
"310","USGS","06188000",2015-03-06,-0.1,"A"
"311","USGS","06188000",2015-03-07,-0.1,"A"
"312","USGS","06188000",2015-03-08,-0.1,"A"
"313","USGS","06188000",2015-03-09,-0.1,"A"
"314","USGS","06188000",2015-03-10,-0.1,"A"
"315","USGS","06188000",2015-03-11,0,"A"
"316","USGS","06188000",2015-03-12,0,"A"
"317","USGS","06188000",2015-03-13,0,"A"
"318","USGS","06188000",2015-03-14,0.1,"A"
"319","USGS","06188000",2015-03-15,0.5,"A"
"320","USGS","06188000",2015-03-16,1.4,"A"
"321","USGS","06188000",2015-03-17,2.4,"A"
"322","USGS","06188000",2015-03-18,2.9,"A"
"323","USGS","06188000",2015-03-19,2.9,"A"
"324","USGS","06188000",2015-03-20,3.9,"A"
"325","USGS","06188000",2015-03-21,3.8,"A"
"326","USGS","06188000",2015-03-22,4.3,"A"
"327","USGS","06188000",2015-03-23,3.6,"A"
"328","USGS","06188000",2015-03-24,2.6,"A"
"329","USGS","06188000",2015-03-25,2.7,"A"
"330","USGS","06188000",2015-03-26,3.6,"A"
"331","USGS","06188000",2015-03-27,5.4,"A"
"332","USGS","06188000",2015-03-28,6.2,"A"
"333","USGS","06188000",2015-03-29,3.7,"A"
"334","USGS","06188000",2015-03-30,4.8,"A"
"335","USGS","06188000",2015-03-31,5.3,"A"
"336","USGS","06188000",2015-04-01,3.6,"A"
"337","USGS","06188000",2015-04-02,1.9,"A"
"338","USGS","06188000",2015-04-03,2.7,"A"
"339","USGS","06188000",2015-04-04,3,"A"
"340","USGS","06188000",2015-04-05,3.1,"A"
"341","USGS","06188000",2015-04-06,3.4,"A"
"342","USGS","06188000",2015-04-07,3.6,"A"
"343","USGS","06188000",2015-04-08,5.1,"A"
"344","USGS","06188000",2015-04-09,5,"A"
"345","USGS","06188000",2015-04-10,5.6,"A"
"346","USGS","06188000",2015-04-11,5.9,"A"
"347","USGS","06188000",2015-04-12,5,"A"
"348","USGS","06188000",2015-04-13,5.6,"A"
"349","USGS","06188000",2015-04-14,7.2,"A"
"350","USGS","06188000",2015-04-15,4.6,"A"
"351","USGS","06188000",2015-04-16,5.1,"A"
"352","USGS","06188000",2015-04-17,6.8,"A"
"353","USGS","06188000",2015-04-18,6.3,"A"
"354","USGS","06188000",2015-04-19,4.8,"A"
"355","USGS","06188000",2015-04-20,5.4,"A"
"356","USGS","06188000",2015-04-21,6,"A"
"357","USGS","06188000",2015-04-22,5.6,"A"
"358","USGS","06188000",2015-04-23,4.8,"A"
"359","USGS","06188000",2015-04-24,4.7,"A"
"360","USGS","06188000",2015-04-25,4.9,"A"
"361","USGS","06188000",2015-04-26,4.7,"A"
"362","USGS","06188000",2015-04-27,6,"A"
"363","USGS","06188000",2015-04-28,7.3,"A"
"364","USGS","06188000",2015-04-29,7.1,"A"
"365","USGS","06188000",2015-04-30,6.1,"A"
"366","USGS","06188000",2015-05-01,6,"A"
"367","USGS","06188000",2015-05-02,5.6,"A"
"368","USGS","06188000",2015-05-03,5.9,"A"
"369","USGS","06188000",2015-05-04,6,"A"
"370","USGS","06188000",2015-05-05,5.8,"A"
"371","USGS","06188000",2015-05-06,6.2,"A"
"372","USGS","06188000",2015-05-07,4.8,"A"
"373","USGS","06188000",2015-05-08,4.9,"A"
"374","USGS","06188000",2015-05-09,5.4,"A"
"375","USGS","06188000",2015-05-10,5.4,"A"
"376","USGS","06188000",2015-05-11,5.2,"A"
"377","USGS","06188000",2015-05-12,6.9,"A"
"378","USGS","06188000",2015-05-13,7.6,"A"
"379","USGS","06188000",2015-05-14,6.8,"A"
"380","USGS","06188000",2015-05-15,6.8,"A"
"381","USGS","06188000",2015-05-16,6,"A"
"382","USGS","06188000",2015-05-17,6.2,"A"
"383","USGS","06188000",2015-05-18,6.7,"A"
"384","USGS","06188000",2015-05-19,6.5,"A"
"385","USGS","06188000",2015-05-20,6.7,"A"
"386","USGS","06188000",2015-05-21,7.3,"A"
"387","USGS","06188000",2015-05-22,6.8,"A"
"388","USGS","06188000",2015-05-23,7.3,"A"
"389","USGS","06188000",2015-05-24,7.2,"A"
"390","USGS","06188000",2015-05-25,7.6,"A"
"391","USGS","06188000",2015-05-26,7.3,"A"
"392","USGS","06188000",2015-05-27,7,"A"
"393","USGS","06188000",2015-05-28,7,"A"
"394","USGS","06188000",2015-05-29,8,"A"
"395","USGS","06188000",2015-05-30,8,"A"
"396","USGS","06188000",2015-05-31,8.3,"A"
"397","USGS","06188000",2015-06-01,8.6,"A"
"398","USGS","06188000",2015-06-02,7.7,"A"
"399","USGS","06188000",2015-06-03,8.2,"A"
"400","USGS","06188000",2015-06-04,8.8,"A"
"401","USGS","06188000",2015-06-05,8.5,"A"
"402","USGS","06188000",2015-06-06,9.1,"A"
"403","USGS","06188000",2015-06-07,10,"A"
"404","USGS","06188000",2015-06-08,10.9,"A"
"405","USGS","06188000",2015-06-09,11,"A"
"406","USGS","06188000",2015-06-10,10.5,"A"
"407","USGS","06188000",2015-06-11,10.6,"A"
"408","USGS","06188000",2015-06-12,11.7,"A"
"409","USGS","06188000",2015-06-13,11.6,"A"
"410","USGS","06188000",2015-06-14,11.2,"A"
"411","USGS","06188000",2015-06-15,11.4,"A"
"412","USGS","06188000",2015-06-16,11.2,"A"
"413","USGS","06188000",2015-06-17,11.5,"A"
"414","USGS","06188000",2015-06-18,12.5,"A"
"415","USGS","06188000",2015-06-19,12.8,"A"
"416","USGS","06188000",2015-06-20,12.1,"A"
"417","USGS","06188000",2015-06-21,11.3,"A"
"418","USGS","06188000",2015-06-22,12.2,"A"
"419","USGS","06188000",2015-06-23,13.6,"A"
"420","USGS","06188000",2015-06-24,14.1,"A"
"421","USGS","06188000",2015-06-25,15.8,"A"
"422","USGS","06188000",2015-06-26,15.7,"A"
"423","USGS","06188000",2015-06-27,16.1,"A"
"424","USGS","06188000",2015-06-28,16.2,"A"
"425","USGS","06188000",2015-06-29,17.5,"A"
"426","USGS","06188000",2015-06-30,18.2,"A"
"427","USGS","06188000",2015-07-01,18.2,"A"
"428","USGS","06188000",2015-07-02,18.2,"A"
"429","USGS","06188000",2015-07-03,18.2,"A"
"430","USGS","06188000",2015-07-04,18.2,"A"
"431","USGS","06188000",2015-07-05,16.8,"A"
"432","USGS","06188000",2015-07-06,15.5,"A"
"433","USGS","06188000",2015-07-07,17.4,"A"
"434","USGS","06188000",2015-07-08,16.6,"A"
"435","USGS","06188000",2015-07-09,15.4,"A"
"436","USGS","06188000",2015-07-10,15.1,"A"
"437","USGS","06188000",2015-07-11,13.8,"A"
"438","USGS","06188000",2015-07-12,14.7,"A"
"439","USGS","06188000",2015-07-13,15.8,"A"
"440","USGS","06188000",2015-07-14,15.9,"A"
"441","USGS","06188000",2015-07-15,15.4,"A"
"442","USGS","06188000",2015-07-16,15.1,"A"
"443","USGS","06188000",2015-07-17,15.9,"A"
"444","USGS","06188000",2015-07-18,14.8,"A"
"445","USGS","06188000",2015-07-19,15.1,"A"
"446","USGS","06188000",2015-07-20,16.7,"A"
"447","USGS","06188000",2015-07-21,16.6,"A"
"448","USGS","06188000",2015-07-22,16.8,"A"
"449","USGS","06188000",2015-07-23,16.7,"A"
"450","USGS","06188000",2015-07-24,15.7,"A"
"451","USGS","06188000",2015-07-25,16.9,"A"
"452","USGS","06188000",2015-07-26,16.8,"A"
"453","USGS","06188000",2015-07-27,15.4,"A"
"454","USGS","06188000",2015-07-28,12.5,"A"
"455","USGS","06188000",2015-07-29,12.7,"A"
"456","USGS","06188000",2015-07-30,16.2,"A"
"457","USGS","06188000",2015-07-31,17.6,"A"
"458","USGS","06188000",2015-08-01,17.8,"A"
"459","USGS","06188000",2015-08-02,18.2,"A"
"460","USGS","06188000",2015-08-03,18.3,"A"
"461","USGS","06188000",2015-08-04,16.9,"A"
"462","USGS","06188000",2015-08-05,15.3,"A"
"463","USGS","06188000",2015-08-06,15.4,"A"
"464","USGS","06188000",2015-08-07,15.5,"A"
"465","USGS","06188000",2015-08-08,15.4,"A"
"466","USGS","06188000",2015-08-09,14.2,"A"
"467","USGS","06188000",2015-08-10,16.2,"A"
"468","USGS","06188000",2015-08-11,17.2,"A"
"469","USGS","06188000",2015-08-12,17.3,"A"
"470","USGS","06188000",2015-08-13,18.2,"A"
"471","USGS","06188000",2015-08-14,18.3,"A"
"472","USGS","06188000",2015-08-15,18,"A"
"473","USGS","06188000",2015-08-16,16.5,"A"
"474","USGS","06188000",2015-08-17,14.8,"A"
"475","USGS","06188000",2015-08-18,11.8,"A"
"476","USGS","06188000",2015-08-19,11.2,"A"
"477","USGS","06188000",2015-08-20,13.9,"A"
"478","USGS","06188000",2015-08-21,14.4,"A"
"479","USGS","06188000",2015-08-22,13.8,"A"
"480","USGS","06188000",2015-08-23,12.8,"A"
"481","USGS","06188000",2015-08-24,13.9,"A"
"482","USGS","06188000",2015-08-25,14.9,"A"
"483","USGS","06188000",2015-08-26,15,"A"
"484","USGS","06188000",2015-08-27,14.7,"A"
"485","USGS","06188000",2015-08-28,14.3,"A"
"486","USGS","06188000",2015-08-29,14.6,"A"
"487","USGS","06188000",2015-08-30,14.9,"A"
"488","USGS","06188000",2015-08-31,14.1,"A"
"489","USGS","06188000",2015-09-01,14.1,"A"
"490","USGS","06188000",2015-09-02,14.9,"A"
"491","USGS","06188000",2015-09-03,15.6,"A"
"492","USGS","06188000",2015-09-04,15.5,"A"
"493","USGS","06188000",2015-09-05,14.5,"A"
"494","USGS","06188000",2015-09-06,11.7,"A"
"495","USGS","06188000",2015-09-07,10.9,"A"
"496","USGS","06188000",2015-09-08,11.5,"A"
"497","USGS","06188000",2015-09-09,12.2,"A"
"498","USGS","06188000",2015-09-10,13.5,"A"
"499","USGS","06188000",2015-09-11,13.6,"A"
"500","USGS","06188000",2015-09-12,14.1,"A"
"501","USGS","06188000",2015-09-13,14.1,"A"
"502","USGS","06188000",2015-09-14,13.9,"A"
"503","USGS","06188000",2015-09-15,13.3,"A"
"504","USGS","06188000",2015-09-16,10.3,"A"
"505","USGS","06188000",2015-09-17,8.8,"A"
"506","USGS","06188000",2015-09-18,8.9,"A"
"507","USGS","06188000",2015-09-19,9,"A"
"508","USGS","06188000",2015-09-20,10.3,"A"
"509","USGS","06188000",2015-09-21,11.6,"A"
"510","USGS","06188000",2015-09-22,12.2,"A"
"511","USGS","06188000",2015-09-23,12,"A"
"512","USGS","06188000",2015-09-24,12,"A"
"513","USGS","06188000",2015-09-25,12.3,"A"
"514","USGS","06188000",2015-09-26,12.8,"A"
"515","USGS","06188000",2015-09-27,12.4,"A"
"516","USGS","06188000",2015-09-28,11.2,"A"
"517","USGS","06188000",2015-09-29,10.8,"A"
"518","USGS","06188000",2015-09-30,10.3,"A"
"519","USGS","06188000",2015-10-01,11.1,"A"
"520","USGS","06188000",2015-10-02,11,"A"
"521","USGS","06188000",2015-10-03,10.3,"A"
"522","USGS","06188000",2015-10-04,7.8,"A"
"523","USGS","06188000",2015-10-05,8.5,"A"
"524","USGS","06188000",2015-10-06,9.4,"A"
"525","USGS","06188000",2015-10-07,9.8,"A"
"526","USGS","06188000",2015-10-08,11.9,"A"
"527","USGS","06188000",2015-10-09,11.3,"A"
"528","USGS","06188000",2015-10-10,10.8,"A"
"529","USGS","06188000",2015-10-11,10.4,"A"
"530","USGS","06188000",2015-10-12,7.7,"A"
"531","USGS","06188000",2015-10-13,7.8,"A"
"532","USGS","06188000",2015-10-14,8.2,"A"
"533","USGS","06188000",2015-10-15,7.7,"A"
"534","USGS","06188000",2015-10-16,7,"A"
"535","USGS","06188000",2015-10-17,7.1,"A"
"536","USGS","06188000",2015-10-18,8,"A"
"537","USGS","06188000",2015-10-19,7.4,"A"
"538","USGS","06188000",2015-10-20,7.2,"A"
"539","USGS","06188000",2015-10-21,7.2,"A"
"540","USGS","06188000",2015-10-22,6.8,"A"
"541","USGS","06188000",2015-10-23,5.8,"A"
"542","USGS","06188000",2015-10-24,5,"A"
"543","USGS","06188000",2015-10-25,5.6,"A"
"544","USGS","06188000",2015-10-26,6.1,"A"
"545","USGS","06188000",2015-10-27,5.6,"A"
"546","USGS","06188000",2015-10-28,3.7,"A"
"547","USGS","06188000",2015-10-29,3.7,"A"
"548","USGS","06188000",2015-10-30,3.7,"A"
"549","USGS","06188000",2015-10-31,3.7,"A"
"550","USGS","06188000",2015-11-01,4.8,"A"
"551","USGS","06188000",2015-11-03,2.3,"A"
"552","USGS","06188000",2015-11-04,2.2,"A"
"553","USGS","06188000",2015-11-05,2.2,"A"
"554","USGS","06188000",2015-11-06,1.2,"A"
"555","USGS","06188000",2015-11-07,0.2,"A"
"556","USGS","06188000",2015-11-08,0,"A"
"557","USGS","06188000",2015-11-09,0,"A"
"558","USGS","06188000",2015-11-10,0.4,"A"
"559","USGS","06188000",2015-11-11,0.1,"A"
"560","USGS","06188000",2015-11-12,0,"A"
"561","USGS","06188000",2015-11-13,0.3,"A"
"562","USGS","06188000",2015-11-14,0,"A"
"563","USGS","06188000",2015-11-15,0,"A"
"564","USGS","06188000",2015-11-16,0,"A"
"565","USGS","06188000",2015-11-17,0,"A"
"566","USGS","06188000",2015-11-18,0,"A"
"567","USGS","06188000",2015-11-19,0,"A"
"568","USGS","06188000",2015-11-20,0,"A"
"569","USGS","06188000",2015-11-21,0,"A"
"570","USGS","06188000",2015-11-22,0,"A"
"571","USGS","06188000",2015-11-23,0,"A"
"572","USGS","06188000",2015-11-24,0,"A"
"573","USGS","06188000",2015-11-25,0,"A"
"574","USGS","06188000",2015-11-26,0,"A"
"575","USGS","06188000",2015-11-27,0,"A"
"576","USGS","06188000",2015-11-28,0,"A"
"577","USGS","06188000",2015-11-29,0,"A"
"578","USGS","06188000",2015-11-30,0,"A"
"579","USGS","06188000",2015-12-01,0,"A"
"580","USGS","06188000",2015-12-02,0,"A"
"581","USGS","06188000",2015-12-03,0,"A"
"582","USGS","06188000",2015-12-04,0,"A"
"583","USGS","06188000",2015-12-05,0,"A"
"584","USGS","06188000",2015-12-06,0,"A"
"585","USGS","06188000",2015-12-07,0,"A"
"586","USGS","06188000",2015-12-08,0,"A"
"587","USGS","06188000",2015-12-09,0,"A"
"588","USGS","06188000",2015-12-10,0,"A"
"589","USGS","06188000",2015-12-11,0,"A"
"590","USGS","06188000",2015-12-12,0,"A"
"591","USGS","06188000",2015-12-13,0,"A"
"592","USGS","06188000",2015-12-14,0,"A"
"593","USGS","06188000",2015-12-15,0,"A"
"594","USGS","06188000",2015-12-16,0,"A"
"595","USGS","06188000",2015-12-17,0,"A"
"596","USGS","06188000",2015-12-18,0,"A"
"597","USGS","06188000",2015-12-19,-0.1,"A"
"598","USGS","06188000",2015-12-20,0,"A"
"599","USGS","06188000",2015-12-21,0,"A"
"600","USGS","06188000",2015-12-22,0,"A"
"601","USGS","06188000",2015-12-23,0,"A"
"602","USGS","06188000",2015-12-24,-0.1,"A"
"603","USGS","06188000",2015-12-25,-0.1,"A"
"604","USGS","06188000",2015-12-26,-0.1,"A"
"605","USGS","06188000",2015-12-27,-0.2,"A"
"606","USGS","06188000",2015-12-28,-0.2,"A"
"607","USGS","06188000",2015-12-29,-0.2,"A"
"608","USGS","06188000",2015-12-30,-0.2,"A"
"609","USGS","06188000",2015-12-31,-0.2,"A"
"610","USGS","06188000",2016-01-01,-0.3,"A"
"611","USGS","06188000",2016-01-02,-0.4,"A"
"612","USGS","06188000",2016-01-03,-0.4,"A"
"613","USGS","06188000",2016-01-04,-0.3,"A"
"614","USGS","06188000",2016-01-05,-0.2,"A"
"615","USGS","06188000",2016-01-06,0,"A"
"616","USGS","06188000",2016-01-07,0,"A"
"617","USGS","06188000",2016-01-08,0,"A"
"618","USGS","06188000",2016-01-09,0,"A"
"619","USGS","06188000",2016-01-10,0,"A"
"620","USGS","06188000",2016-01-11,0,"A"
"621","USGS","06188000",2016-01-12,0,"A"
"622","USGS","06188000",2016-01-13,0,"A"
"623","USGS","06188000",2016-01-14,0,"A"
"624","USGS","06188000",2016-01-15,0,"A"
"625","USGS","06188000",2016-01-16,0,"A"
"626","USGS","06188000",2016-01-17,0,"A"
"627","USGS","06188000",2016-01-18,0,"A"
"628","USGS","06188000",2016-01-19,0,"A"
"629","USGS","06188000",2016-01-20,0,"A"
"630","USGS","06188000",2016-01-21,0,"A"
"631","USGS","06188000",2016-01-22,0,"A"
"632","USGS","06188000",2016-01-23,0,"A"
"633","USGS","06188000",2016-01-24,0,"A"
"634","USGS","06188000",2016-01-25,0,"A"
"635","USGS","06188000",2016-01-26,0,"A"
"636","USGS","06188000",2016-01-27,0,"A"
"637","USGS","06188000",2016-01-28,0,"A"
"638","USGS","06188000",2016-01-29,0,"A"
"639","USGS","06188000",2016-01-30,0,"A"
"640","USGS","06188000",2016-01-31,0,"A"
"641","USGS","06188000",2016-02-01,0,"A"
"642","USGS","06188000",2016-02-02,0,"A"
"643","USGS","06188000",2016-02-03,0,"A"
"644","USGS","06188000",2016-02-04,0,"A"
"645","USGS","06188000",2016-02-05,0,"A"
"646","USGS","06188000",2016-02-06,0,"A"
"647","USGS","06188000",2016-02-07,0,"A"
"648","USGS","06188000",2016-02-08,0,"A"
"649","USGS","06188000",2016-02-09,0,"A"
"650","USGS","06188000",2016-02-10,0,"A"
"651","USGS","06188000",2016-02-11,0,"A"
"652","USGS","06188000",2016-02-12,0,"A"
"653","USGS","06188000",2016-02-13,0,"A"
"654","USGS","06188000",2016-02-14,0,"A"
"655","USGS","06188000",2016-02-15,0,"A"
"656","USGS","06188000",2016-02-16,0,"A"
"657","USGS","06188000",2016-02-17,0,"A"
"658","USGS","06188000",2016-02-18,0,"A"
"659","USGS","06188000",2016-02-19,0,"A"
"660","USGS","06188000",2016-02-20,0,"A"
"661","USGS","06188000",2016-02-21,0,"A"
"662","USGS","06188000",2016-02-22,0,"A"
"663","USGS","06188000",2016-02-23,0,"A"
"664","USGS","06188000",2016-02-24,0,"A"
"665","USGS","06188000",2016-02-25,0,"A"
"666","USGS","06188000",2016-02-26,0,"A"
"667","USGS","06188000",2016-02-27,0,"A"
"668","USGS","06188000",2016-02-28,0,"A"
"669","USGS","06188000",2016-02-29,0,"A"
"670","USGS","06188000",2016-03-01,0,"A"
"671","USGS","06188000",2016-03-02,0,"A"
"672","USGS","06188000",2016-03-03,0,"A"
"673","USGS","06188000",2016-03-04,0,"A"
"674","USGS","06188000",2016-03-05,0,"A"
"675","USGS","06188000",2016-03-06,0,"A"
"676","USGS","06188000",2016-03-07,0,"A"
"677","USGS","06188000",2016-03-08,0,"A"
"678","USGS","06188000",2016-03-09,0,"A"
"679","USGS","06188000",2016-03-10,0,"A"
"680","USGS","06188000",2016-03-11,0,"A"
"681","USGS","06188000",2016-03-12,0.3,"A"
"682","USGS","06188000",2016-03-13,0.9,"A"
"683","USGS","06188000",2016-03-14,1.4,"A"
"684","USGS","06188000",2016-03-15,0.6,"A"
"685","USGS","06188000",2016-03-16,0.2,"A"
"686","USGS","06188000",2016-03-17,0.2,"A"
"687","USGS","06188000",2016-03-18,0.3,"A"
"688","USGS","06188000",2016-03-19,0.1,"A"
"689","USGS","06188000",2016-03-20,0.3,"A"
"690","USGS","06188000",2016-03-21,1,"A"
"691","USGS","06188000",2016-03-22,2,"A"
"692","USGS","06188000",2016-03-23,2.2,"A"
"693","USGS","06188000",2016-03-24,2.2,"A"
"694","USGS","06188000",2016-03-25,1.9,"A"
"695","USGS","06188000",2016-03-26,2.2,"A"
"696","USGS","06188000",2016-03-27,2.4,"A"
"697","USGS","06188000",2016-03-28,3.6,"A"
"698","USGS","06188000",2016-03-29,3.7,"A"
"699","USGS","06188000",2016-03-30,3.7,"A"
"700","USGS","06188000",2016-03-31,4.7,"A"
"701","USGS","06188000",2016-04-01,4.5,"A"
"702","USGS","06188000",2016-04-02,5.8,"A"
"703","USGS","06188000",2016-04-03,6.3,"A"
"704","USGS","06188000",2016-04-04,5.8,"A"
"705","USGS","06188000",2016-04-05,3.4,"A"
"706","USGS","06188000",2016-04-06,3.8,"A"
"707","USGS","06188000",2016-04-07,5.6,"A"
"708","USGS","06188000",2016-04-08,6.5,"A"
"709","USGS","06188000",2016-04-09,5.7,"A"
"710","USGS","06188000",2016-04-10,6.2,"A"
"711","USGS","06188000",2016-04-11,5.5,"A"
"712","USGS","06188000",2016-04-12,5.8,"A"
"713","USGS","06188000",2016-04-13,5.3,"A"
"714","USGS","06188000",2016-04-14,3.3,"A"
"715","USGS","06188000",2016-04-15,3.2,"A"
"716","USGS","06188000",2016-04-16,4.5,"A"
"717","USGS","06188000",2016-04-17,5.6,"A"
"718","USGS","06188000",2016-04-18,6.2,"A"
"719","USGS","06188000",2016-04-19,6.8,"A"
"720","USGS","06188000",2016-04-20,7.6,"A"
"721","USGS","06188000",2016-04-21,6.8,"A"
"722","USGS","06188000",2016-04-22,6.3,"A"
"723","USGS","06188000",2016-04-23,4.7,"A"
"724","USGS","06188000",2016-04-24,5,"A"
"725","USGS","06188000",2016-04-25,5,"A"
"726","USGS","06188000",2016-04-26,4.3,"A"
"727","USGS","06188000",2016-04-27,4.4,"A"
"728","USGS","06188000",2016-04-28,5.2,"A"
"729","USGS","06188000",2016-04-29,5.7,"A"
"730","USGS","06188000",2016-04-30,5.9,"A"
"731","USGS","06188000",2016-05-01,6.9,"A"
"732","USGS","06188000",2016-05-02,7.9,"A"
"733","USGS","06188000",2016-05-03,8,"A"
"734","USGS","06188000",2016-05-04,7.5,"A"
"735","USGS","06188000",2016-05-05,6.9,"A"
"736","USGS","06188000",2016-05-06,6.3,"A"
"737","USGS","06188000",2016-05-07,5.8,"A"
"738","USGS","06188000",2016-05-08,6.7,"A"
"739","USGS","06188000",2016-05-09,6,"A"
"740","USGS","06188000",2016-05-10,3.9,"A"
"741","USGS","06188000",2016-05-11,4.3,"A"
"742","USGS","06188000",2016-05-12,6.2,"A"
"743","USGS","06188000",2016-05-13,7.7,"A"
"744","USGS","06188000",2016-05-14,7.4,"A"
"745","USGS","06188000",2016-05-15,5.7,"A"
"746","USGS","06188000",2016-05-16,6.1,"A"
"747","USGS","06188000",2016-05-17,7.4,"A"
"748","USGS","06188000",2016-05-18,7.7,"A"
"749","USGS","06188000",2016-05-19,7.3,"A"
"750","USGS","06188000",2016-05-20,6.3,"A"
"751","USGS","06188000",2016-05-21,6.2,"A"
"752","USGS","06188000",2016-05-22,4.9,"A"
"753","USGS","06188000",2016-05-23,5.1,"A"
"754","USGS","06188000",2016-05-24,6,"A"
"755","USGS","06188000",2016-05-25,7,"A"
"756","USGS","06188000",2016-05-26,7.7,"A"
"757","USGS","06188000",2016-05-27,7.8,"A"
"758","USGS","06188000",2016-05-28,8,"A"
"759","USGS","06188000",2016-05-29,8.4,"A"
"760","USGS","06188000",2016-05-30,9.1,"A"
"761","USGS","06188000",2016-05-31,8,"A"
"762","USGS","06188000",2016-06-01,8.7,"A"
"763","USGS","06188000",2016-06-02,8.4,"A"
"764","USGS","06188000",2016-06-03,8.8,"A"
"765","USGS","06188000",2016-06-04,9.8,"A"
"766","USGS","06188000",2016-06-05,10.5,"A"
"767","USGS","06188000",2016-06-06,10.6,"A"
"768","USGS","06188000",2016-06-07,10.5,"A"
"769","USGS","06188000",2016-06-08,11,"A"
"770","USGS","06188000",2016-06-09,11.2,"A"
"771","USGS","06188000",2016-06-10,10.7,"A"
"772","USGS","06188000",2016-06-11,10.2,"A"
"773","USGS","06188000",2016-06-12,8.9,"A"
"774","USGS","06188000",2016-06-13,9.5,"A"
"775","USGS","06188000",2016-06-14,9.2,"A"
"776","USGS","06188000",2016-06-15,9.4,"A"
"777","USGS","06188000",2016-06-16,11,"A"
"778","USGS","06188000",2016-06-17,10.4,"A"
"779","USGS","06188000",2016-06-18,12.2,"A"
"780","USGS","06188000",2016-06-19,13.2,"A"
"781","USGS","06188000",2016-06-20,12.8,"A"
"782","USGS","06188000",2016-06-21,14,"A"
"783","USGS","06188000",2016-06-22,13.9,"A"
"784","USGS","06188000",2016-06-23,14.2,"A"
"785","USGS","06188000",2016-06-24,14.1,"A"
"786","USGS","06188000",2016-06-25,12.8,"A"
"787","USGS","06188000",2016-06-26,13.5,"A"
"788","USGS","06188000",2016-06-27,14.9,"A"
"789","USGS","06188000",2016-06-28,15.8,"A"
"790","USGS","06188000",2016-06-29,16.3,"A"
"791","USGS","06188000",2016-06-30,16.6,"A"
"792","USGS","06188000",2016-07-01,15.7,"A"
"793","USGS","06188000",2016-07-02,15.3,"A"
"794","USGS","06188000",2016-07-03,14.9,"A"
"795","USGS","06188000",2016-07-04,14.3,"A"
"796","USGS","06188000",2016-07-05,13.5,"A"
"797","USGS","06188000",2016-07-06,13,"A"
"798","USGS","06188000",2016-07-07,13.9,"A"
"799","USGS","06188000",2016-07-08,15.7,"A"
"800","USGS","06188000",2016-07-09,16.3,"A"
"801","USGS","06188000",2016-07-10,14.1,"A"
"802","USGS","06188000",2016-07-11,9.7,"A"
"803","USGS","06188000",2016-07-12,11,"A"
"804","USGS","06188000",2016-07-13,12.8,"A"
"805","USGS","06188000",2016-07-14,14.2,"A"
"806","USGS","06188000",2016-07-15,15.5,"A"
"807","USGS","06188000",2016-07-16,15.3,"A"
"808","USGS","06188000",2016-07-17,15.1,"A"
"809","USGS","06188000",2016-07-18,16.7,"A"
"810","USGS","06188000",2016-07-19,17.7,"A"
"811","USGS","06188000",2016-07-20,17.7,"A"
"812","USGS","06188000",2016-07-21,17.4,"A"
"813","USGS","06188000",2016-07-22,17.9,"A"
"814","USGS","06188000",2016-07-23,17.1,"A"
"815","USGS","06188000",2016-07-24,17.4,"A"
"816","USGS","06188000",2016-07-25,17.7,"A"
"817","USGS","06188000",2016-07-26,17.6,"A"
"818","USGS","06188000",2016-07-27,17.4,"A"
"819","USGS","06188000",2016-07-28,18.7,"A"
"820","USGS","06188000",2016-07-29,19,"A"
"821","USGS","06188000",2016-07-30,18.9,"A"
"822","USGS","06188000",2016-07-31,18.1,"A"
"823","USGS","06188000",2016-08-01,17.9,"A"
"824","USGS","06188000",2016-08-02,18,"A"
"825","USGS","06188000",2016-08-03,17.9,"A"
"826","USGS","06188000",2016-08-04,16.7,"A"
"827","USGS","06188000",2016-08-05,17.1,"A"
"828","USGS","06188000",2016-08-06,17.4,"A"
"829","USGS","06188000",2016-08-07,15.7,"A"
"830","USGS","06188000",2016-08-08,15.6,"A"
"831","USGS","06188000",2016-08-09,16.1,"A"
"832","USGS","06188000",2016-08-10,16.2,"A"
"833","USGS","06188000",2016-08-11,15.2,"A"
"834","USGS","06188000",2016-08-12,14.8,"A"
"835","USGS","06188000",2016-08-13,16,"A"
"836","USGS","06188000",2016-08-14,16.7,"A"
"837","USGS","06188000",2016-08-18,16.5,"A"
"838","USGS","06188000",2016-08-19,16.1,"A"
"839","USGS","06188000",2016-08-20,15,"A"
"840","USGS","06188000",2016-08-21,15.2,"A"
"841","USGS","06188000",2016-08-22,15.2,"A"
"842","USGS","06188000",2016-08-23,13.8,"A"
"843","USGS","06188000",2016-08-24,13.1,"A"
"844","USGS","06188000",2016-08-25,12.6,"A"
"845","USGS","06188000",2016-08-26,13.6,"A"
"846","USGS","06188000",2016-08-27,13.1,"A"
"847","USGS","06188000",2016-08-28,13.8,"A"
"848","USGS","06188000",2016-08-29,14.3,"A"
"849","USGS","06188000",2016-08-30,14.6,"A"
"850","USGS","06188000",2016-08-31,15,"A"
"851","USGS","06188000",2016-09-01,15.1,"A"
"852","USGS","06188000",2016-09-02,15.5,"A"
"853","USGS","06188000",2016-09-03,14.1,"A"
"854","USGS","06188000",2016-09-04,12.3,"A"
"855","USGS","06188000",2016-09-05,11.3,"A"
"856","USGS","06188000",2016-09-06,10.4,"A"
"857","USGS","06188000",2016-09-07,11.7,"A"
"858","USGS","06188000",2016-09-08,12.4,"A"
"859","USGS","06188000",2016-09-09,12,"A"
"860","USGS","06188000",2016-09-10,11.3,"A"
"861","USGS","06188000",2016-09-11,11.4,"A"
"862","USGS","06188000",2016-09-12,9.8,"A"
"863","USGS","06188000",2016-09-13,7.3,"A"
"864","USGS","06188000",2016-09-14,8.9,"A"
"865","USGS","06188000",2016-09-15,10.3,"A"
"866","USGS","06188000",2016-09-16,9.6,"A"
"867","USGS","06188000",2016-09-17,10.8,"A"
"868","USGS","06188000",2016-09-18,11.5,"A"
"869","USGS","06188000",2016-09-19,11.9,"A"
"870","USGS","06188000",2016-09-20,13.1,"A"
"871","USGS","06188000",2016-09-21,12.5,"A"
"872","USGS","06188000",2016-09-22,11.9,"A"
"873","USGS","06188000",2016-09-23,11.7,"A"
"874","USGS","06188000",2016-09-24,10.5,"A"
"875","USGS","06188000",2016-09-25,8.6,"A"
"876","USGS","06188000",2016-09-26,10.5,"A"
"877","USGS","06188000",2016-09-27,11.5,"A"
"878","USGS","06188000",2016-09-28,12,"A"
"879","USGS","06188000",2016-09-29,11.5,"A"
"880","USGS","06188000",2016-09-30,11.1,"A"
"881","USGS","06188000",2016-10-01,11.2,"A"
"882","USGS","06188000",2016-10-02,9.5,"A"
"883","USGS","06188000",2016-10-03,8.8,"A"
"884","USGS","06188000",2016-10-04,6.6,"A"
"885","USGS","06188000",2016-10-05,5.6,"A"
"886","USGS","06188000",2016-10-06,5.7,"A"
"887","USGS","06188000",2016-10-07,5.4,"A"
"888","USGS","06188000",2016-10-08,6.8,"A"
"889","USGS","06188000",2016-10-09,7.9,"A"
"890","USGS","06188000",2016-10-10,8,"A"
"891","USGS","06188000",2016-10-11,6.6,"A"
"892","USGS","06188000",2016-10-12,3.6,"A"
"893","USGS","06188000",2016-10-13,4.3,"A"
"894","USGS","06188000",2016-10-14,6.5,"A"
"895","USGS","06188000",2016-10-15,7,"A"
"896","USGS","06188000",2016-10-16,7.2,"A"
"897","USGS","06188000",2016-10-17,4.9,"A"
"898","USGS","06188000",2016-10-18,3.5,"A"
"899","USGS","06188000",2016-10-19,3.9,"A"
"900","USGS","06188000",2016-10-20,3.2,"A"
"901","USGS","06188000",2016-10-21,4.6,"A"
"902","USGS","06188000",2016-10-22,5.4,"A"
"903","USGS","06188000",2016-10-23,5.4,"A"
"904","USGS","06188000",2016-10-24,4.6,"A"
"905","USGS","06188000",2016-10-25,5.4,"A"
"906","USGS","06188000",2016-10-26,6.8,"A"
"907","USGS","06188000",2016-10-27,6.5,"A"
"908","USGS","06188000",2016-10-28,7.2,"A"
"909","USGS","06188000",2016-10-29,6.2,"A"
"910","USGS","06188000",2016-10-30,5.7,"A"
"911","USGS","06188000",2016-10-31,5.3,"A"
"912","USGS","06188000",2016-11-01,3.3,"A"
"913","USGS","06188000",2016-11-02,3.6,"A"
"914","USGS","06188000",2016-11-03,3.1,"A"
"915","USGS","06188000",2016-11-04,3,"A"
"916","USGS","06188000",2016-11-05,2.6,"A"
"917","USGS","06188000",2016-11-06,2.6,"A"
"918","USGS","06188000",2016-11-07,3.6,"A"
"919","USGS","06188000",2016-11-08,3.4,"A"
"920","USGS","06188000",2016-11-09,2.9,"A"
"921","USGS","06188000",2016-11-10,3.1,"A"
"922","USGS","06188000",2016-11-11,3.1,"A"
"923","USGS","06188000",2016-11-12,3.2,"A"
"924","USGS","06188000",2016-11-13,4.4,"A"
"925","USGS","06188000",2016-11-14,4.7,"A"
"926","USGS","06188000",2016-11-15,5.1,"A"
"927","USGS","06188000",2016-11-16,3.9,"A"
"928","USGS","06188000",2016-11-17,1.1,"A"
"929","USGS","06188000",2016-11-18,0.2,"A"
"930","USGS","06188000",2016-11-19,0.2,"A"
"931","USGS","06188000",2016-11-20,0.9,"A"
"932","USGS","06188000",2016-11-21,2.1,"A"
"933","USGS","06188000",2016-11-22,1.6,"A"
"934","USGS","06188000",2016-11-23,1.3,"A"
"935","USGS","06188000",2016-11-24,0.7,"A"
"936","USGS","06188000",2016-11-25,0.2,"A"
"937","USGS","06188000",2016-11-26,0.2,"A"
"938","USGS","06188000",2016-11-27,0.2,"A"
"939","USGS","06188000",2016-11-28,0.2,"A"
"940","USGS","06188000",2016-11-29,0.2,"A"
"941","USGS","06188000",2016-11-30,0.2,"A"
"942","USGS","06188000",2016-12-01,0.2,"A"
"943","USGS","06188000",2016-12-02,0.2,"A"
"944","USGS","06188000",2016-12-03,0.2,"A"
"945","USGS","06188000",2016-12-04,0.2,"A"
"946","USGS","06188000",2016-12-05,0.2,"A"
"947","USGS","06188000",2016-12-06,0.2,"A"
"948","USGS","06188000",2016-12-07,0.2,"A"
"949","USGS","06188000",2016-12-08,0.2,"A"
"950","USGS","06188000",2016-12-09,0.2,"A"
"951","USGS","06188000",2016-12-10,0.1,"A"
"952","USGS","06188000",2016-12-11,0.1,"A"
"953","USGS","06188000",2016-12-12,0.1,"A"
"954","USGS","06188000",2016-12-13,0.1,"A"
"955","USGS","06188000",2016-12-14,0.1,"A"
"956","USGS","06188000",2016-12-15,0.1,"A"
"957","USGS","06188000",2016-12-16,0.1,"A"
"958","USGS","06188000",2016-12-17,0.1,"A"
"959","USGS","06188000",2016-12-18,0.1,"A"
"960","USGS","06188000",2017-03-29,4.9,"A"
"961","USGS","06188000",2017-03-30,5.2,"A"
"962","USGS","06188000",2017-03-31,5.6,"A"
"963","USGS","06188000",2017-04-01,5.5,"A"
"964","USGS","06188000",2017-04-02,5.9,"A"
"965","USGS","06188000",2017-04-03,3.8,"A"
"966","USGS","06188000",2017-04-04,4,"A"
"967","USGS","06188000",2017-04-05,4.4,"A"
"968","USGS","06188000",2017-04-06,5.3,"A"
"969","USGS","06188000",2017-04-07,6.4,"A"
"970","USGS","06188000",2017-04-08,5.6,"A"
"971","USGS","06188000",2017-04-09,4.2,"A"
"972","USGS","06188000",2017-04-10,3,"A"
"973","USGS","06188000",2017-04-11,5,"A"
"974","USGS","06188000",2017-04-12,7.3,"A"
"975","USGS","06188000",2017-04-13,7.5,"A"
"976","USGS","06188000",2017-04-14,5.8,"A"
"977","USGS","06188000",2017-04-15,4.1,"A"
"978","USGS","06188000",2017-04-16,5.4,"A"
"979","USGS","06188000",2017-04-17,6.1,"A"
"980","USGS","06188000",2017-04-18,4.9,"A"
"981","USGS","06188000",2017-04-19,6.6,"A"
"982","USGS","06188000",2017-04-20,5.6,"A"
"983","USGS","06188000",2017-04-21,5,"A"
"984","USGS","06188000",2017-04-22,6.3,"A"
"985","USGS","06188000",2017-04-23,6.3,"A"
"986","USGS","06188000",2017-04-24,4.7,"A"
"987","USGS","06188000",2017-04-25,5.2,"A"
"988","USGS","06188000",2017-04-26,5.7,"A"
"989","USGS","06188000",2017-04-27,5,"A"
"990","USGS","06188000",2017-04-28,5.1,"A"
"991","USGS","06188000",2017-04-29,6.3,"A"
"992","USGS","06188000",2017-04-30,5.6,"A"
"993","USGS","06188000",2017-05-01,6.5,"A"
"994","USGS","06188000",2017-05-02,7.6,"A"
"995","USGS","06188000",2017-05-03,7.9,"A"
"996","USGS","06188000",2017-05-04,9.4,"A"
"997","USGS","06188000",2017-05-05,8.4,"A"
"998","USGS","06188000",2017-05-06,6.6,"A"
"999","USGS","06188000",2017-05-07,5.4,"A"
"1000","USGS","06188000",2017-05-08,5.7,"A"
"1001","USGS","06188000",2017-05-09,5.1,"A"
"1002","USGS","06188000",2017-05-10,5.5,"A"
"1003","USGS","06188000",2017-05-11,6,"A"
"1004","USGS","06188000",2017-05-12,5.8,"A"
"1005","USGS","06188000",2017-05-13,5.2,"A"
"1006","USGS","06188000",2017-05-14,4.5,"A"
"1007","USGS","06188000",2017-05-15,5.6,"A"
"1008","USGS","06188000",2017-05-16,5.3,"A"
"1009","USGS","06188000",2017-05-17,4.5,"A"
"1010","USGS","06188000",2017-05-18,3.7,"A"
"1011","USGS","06188000",2017-05-19,5.1,"A"
"1012","USGS","06188000",2017-05-20,6.1,"A"
"1013","USGS","06188000",2017-05-21,7.1,"A"
"1014","USGS","06188000",2017-05-22,6.9,"A"
"1015","USGS","06188000",2017-05-23,6.8,"A"
"1016","USGS","06188000",2017-05-24,7.2,"A"
"1017","USGS","06188000",2017-05-25,4.6,"A"
"1018","USGS","06188000",2017-05-26,4.8,"A"
"1019","USGS","06188000",2017-05-27,5.5,"A"
"1020","USGS","06188000",2017-05-28,6.6,"A"
"1021","USGS","06188000",2017-05-29,7,"A"
"1022","USGS","06188000",2017-05-30,6.8,"A"
"1023","USGS","06188000",2017-05-31,6.7,"A"
"1024","USGS","06188000",2017-06-01,6.8,"A"
"1025","USGS","06188000",2017-06-02,7.1,"A"
"1026","USGS","06188000",2017-06-03,7.4,"A"
"1027","USGS","06188000",2017-06-04,7.4,"A"
"1028","USGS","06188000",2017-06-05,8.4,"A"
"1029","USGS","06188000",2017-06-06,8,"A"
"1030","USGS","06188000",2017-06-07,8.3,"A"
"1031","USGS","06188000",2017-06-08,8.6,"A"
"1032","USGS","06188000",2017-06-09,7.3,"A"
"1033","USGS","06188000",2017-06-10,7,"A"
"1034","USGS","06188000",2017-06-11,6.5,"A"
"1035","USGS","06188000",2017-06-12,8.8,"A"
"1036","USGS","06188000",2017-06-13,5.6,"A"
"1037","USGS","06188000",2017-06-14,7.2,"A"
"1038","USGS","06188000",2017-06-15,8.1,"A"
"1039","USGS","06188000",2017-06-16,8.1,"A"
"1040","USGS","06188000",2017-06-17,8.1,"A"
"1041","USGS","06188000",2017-06-18,8.4,"A"
"1042","USGS","06188000",2017-06-19,9.3,"A"
"1043","USGS","06188000",2017-06-20,10,"A"
"1044","USGS","06188000",2017-06-21,10,"A"
"1045","USGS","06188000",2017-06-22,9.6,"A"
"1046","USGS","06188000",2017-06-23,9,"A"
"1047","USGS","06188000",2017-06-24,9.6,"A"
"1048","USGS","06188000",2017-06-25,10.4,"A"
"1049","USGS","06188000",2017-06-26,10.8,"A"
"1050","USGS","06188000",2017-06-27,10.5,"A"
"1051","USGS","06188000",2017-06-28,9.3,"A"
"1052","USGS","06188000",2017-06-29,8.8,"A"
"1053","USGS","06188000",2017-06-30,9.7,"A"
"1054","USGS","06188000",2017-07-01,11.6,"A"
"1055","USGS","06188000",2017-07-02,11.5,"A"
"1056","USGS","06188000",2017-07-03,11.7,"A"
"1057","USGS","06188000",2017-07-04,13,"A"
"1058","USGS","06188000",2017-07-05,13,"A"
"1059","USGS","06188000",2017-07-06,13.6,"A"
"1060","USGS","06188000",2017-07-07,13.4,"A"
"1061","USGS","06188000",2017-07-08,13.3,"A"
"1062","USGS","06188000",2017-07-09,13.4,"A"
"1063","USGS","06188000",2017-07-10,13.7,"A"
"1064","USGS","06188000",2017-07-11,13.9,"A"
"1065","USGS","06188000",2017-07-12,14.5,"A"
"1066","USGS","06188000",2017-07-13,15,"A"
"1067","USGS","06188000",2017-07-14,15.5,"A"
"1068","USGS","06188000",2017-07-15,15.2,"A"
"1069","USGS","06188000",2017-07-16,15.3,"A"
"1070","USGS","06188000",2017-07-17,15,"A"
"1071","USGS","06188000",2017-07-18,15.1,"A"
"1072","USGS","06188000",2017-07-19,15.8,"A"
"1073","USGS","06188000",2017-07-20,15.1,"A"
"1074","USGS","06188000",2017-07-21,14.9,"A"
"1075","USGS","06188000",2017-07-22,15.8,"A"
"1076","USGS","06188000",2017-07-23,15.8,"A"
"1077","USGS","06188000",2017-07-24,15.4,"A"
"1078","USGS","06188000",2017-07-25,14.6,"A"
"1079","USGS","06188000",2017-07-26,14.1,"A"
"1080","USGS","06188000",2017-07-27,15.6,"A"
"1081","USGS","06188000",2017-07-28,15.8,"A"
"1082","USGS","06188000",2017-07-29,16.5,"A"
"1083","USGS","06188000",2017-07-30,16,"A"
"1084","USGS","06188000",2017-07-31,16.8,"A"
"1085","USGS","06188000",2017-08-01,17.3,"A"
"1086","USGS","06188000",2017-08-02,17,"A"
"1087","USGS","06188000",2017-08-03,16.8,"A"
"1088","USGS","06188000",2017-08-04,17,"A"
"1089","USGS","06188000",2017-08-05,17.2,"A"
"1090","USGS","06188000",2017-08-06,16.4,"A"
"1091","USGS","06188000",2017-08-07,16,"A"
"1092","USGS","06188000",2017-08-08,16.4,"A"
"1093","USGS","06188000",2017-08-09,15.1,"A"
"1094","USGS","06188000",2017-08-10,15.1,"A"
"1095","USGS","06188000",2017-08-11,15.5,"A"
"1096","USGS","06188000",2017-08-12,14.8,"A"
"1097","USGS","06188000",2017-08-13,15,"A"
"1098","USGS","06188000",2017-08-14,14.6,"A"
"1099","USGS","06188000",2017-08-15,14.3,"A"
"1100","USGS","06188000",2017-08-16,14.2,"A"
"1101","USGS","06188000",2017-08-17,14.3,"A"
"1102","USGS","06188000",2017-08-18,15.4,"A"
"1103","USGS","06188000",2017-08-19,15.7,"A"
"1104","USGS","06188000",2017-08-20,15.3,"A"
"1105","USGS","06188000",2017-08-21,15.4,"A"
"1106","USGS","06188000",2017-08-22,15.3,"A"
"1107","USGS","06188000",2017-08-23,15.5,"A"
"1108","USGS","06188000",2017-08-24,15.5,"A"
"1109","USGS","06188000",2017-08-25,15.1,"A"
"1110","USGS","06188000",2017-08-26,14.7,"A"
"1111","USGS","06188000",2017-08-27,15.9,"A"
"1112","USGS","06188000",2017-08-28,16.3,"A"
"1113","USGS","06188000",2017-08-29,15.3,"A"
"1114","USGS","06188000",2017-08-30,15.3,"A"
"1115","USGS","06188000",2017-08-31,15.2,"A"
"1116","USGS","06188000",2017-09-01,15.2,"A"
"1117","USGS","06188000",2017-09-02,15.7,"A"
"1118","USGS","06188000",2017-09-03,16.2,"A"
"1119","USGS","06188000",2017-09-04,15.5,"A"
"1120","USGS","06188000",2017-09-05,14,"A"
"1121","USGS","06188000",2017-09-06,14,"A"
"1122","USGS","06188000",2017-09-07,13.7,"A"
"1123","USGS","06188000",2017-09-08,13.6,"A"
"1124","USGS","06188000",2017-09-09,13.9,"A"
"1125","USGS","06188000",2017-09-10,15.2,"A"
"1126","USGS","06188000",2017-09-11,15.5,"A"
"1127","USGS","06188000",2017-09-12,15.9,"A"
"1128","USGS","06188000",2017-09-13,15.4,"A"
"1129","USGS","06188000",2017-09-14,13.8,"A"
"1130","USGS","06188000",2017-09-15,11,"A"
"1131","USGS","06188000",2017-09-16,8.1,"A"
"1132","USGS","06188000",2017-09-17,7.6,"A"
"1133","USGS","06188000",2017-09-18,8.4,"A"
"1134","USGS","06188000",2017-09-19,8.1,"A"
"1135","USGS","06188000",2017-09-20,7.3,"A"
"1136","USGS","06188000",2017-09-21,7.3,"A"
"1137","USGS","06188000",2017-09-22,4.3,"A"
"1138","USGS","06188000",2017-09-23,6,"A"
"1139","USGS","06188000",2017-09-24,7.4,"A"
"1140","USGS","06188000",2017-09-25,7.8,"A"
"1141","USGS","06188000",2017-09-26,8.3,"A"
"1142","USGS","06188000",2017-09-27,8.7,"A"
"1143","USGS","06188000",2017-09-28,8.4,"A"
"1144","USGS","06188000",2017-09-29,8.3,"A"
"1145","USGS","06188000",2017-09-30,8.3,"A"
"1146","USGS","06188000",2017-10-01,7.5,"A"
"1147","USGS","06188000",2017-10-02,6,"A"
"1148","USGS","06188000",2017-10-03,5.2,"A"
"1149","USGS","06188000",2017-10-04,4.9,"A"
"1150","USGS","06188000",2017-10-05,6,"A"
"1151","USGS","06188000",2017-10-06,6.3,"A"
"1152","USGS","06188000",2017-10-07,6.6,"A"
"1153","USGS","06188000",2017-10-08,6.5,"A"
"1154","USGS","06188000",2017-10-09,4.5,"A"
"1155","USGS","06188000",2017-10-10,4.4,"A"
"1156","USGS","06188000",2017-10-11,4.4,"A"
"1157","USGS","06188000",2017-10-12,4.6,"A"
"1158","USGS","06188000",2017-10-13,3.5,"A"
"1159","USGS","06188000",2017-10-14,3,"A"
"1160","USGS","06188000",2017-10-15,3.4,"A"
"1161","USGS","06188000",2017-10-16,4.3,"A"
"1162","USGS","06188000",2017-10-17,4.4,"A"
"1163","USGS","06188000",2017-10-18,5,"A"
"1164","USGS","06188000",2017-10-19,5.1,"A"
"1165","USGS","06188000",2017-10-20,4.9,"A"
"1166","USGS","06188000",2017-10-21,3.4,"A"
"1167","USGS","06188000",2017-10-22,2.9,"A"
"1168","USGS","06188000",2017-10-23,3.4,"A"
"1169","USGS","06188000",2017-10-24,3,"A"
"1170","USGS","06188000",2017-10-25,3.5,"A"
"1171","USGS","06188000",2017-10-26,4.5,"A"
"1172","USGS","06188000",2017-10-27,3.3,"A"
"1173","USGS","06188000",2017-10-28,4.3,"A"
"1174","USGS","06188000",2017-10-29,4.4,"A"
"1175","USGS","06188000",2017-10-30,2.2,"A"
"1176","USGS","06188000",2017-10-31,1,"A"
"1177","USGS","06188000",2017-11-01,1,"A"
"1178","USGS","06188000",2017-11-02,0.5,"A"
"1179","USGS","06188000",2017-11-03,1.3,"A"
"1180","USGS","06188000",2017-11-04,1.8,"A"
"1181","USGS","06188000",2017-11-05,0.5,"P"
"1182","USGS","06188000",2017-11-06,0.3,"A"
"1183","USGS","06188000",2017-11-07,0,"A"
"1184","USGS","06188000",2017-11-08,0.1,"A"
"1185","USGS","06188000",2017-11-09,0,"A"
"1186","USGS","06188000",2017-11-10,0,"A"
"1187","USGS","06188000",2017-11-11,0.1,"A"
"1188","USGS","06188000",2017-11-12,0.1,"A"
"1189","USGS","06188000",2017-11-13,0,"A"
"1190","USGS","06188000",2017-11-14,0.3,"A"
"1191","USGS","06188000",2017-11-15,0.1,"A"
"1192","USGS","06188000",2017-11-16,0.4,"A"
"1193","USGS","06188000",2017-11-17,1,"A"
"1194","USGS","06188000",2017-11-18,0.1,"A"
"1195","USGS","06188000",2017-11-19,0,"A"
"1196","USGS","06188000",2017-11-20,0,"A"
"1197","USGS","06188000",2017-11-21,0,"A"
"1198","USGS","06188000",2017-11-22,0.4,"A"
"1199","USGS","06188000",2017-11-23,2.2,"A"
"1200","USGS","06188000",2017-11-24,3,"A"
"1201","USGS","06188000",2017-11-25,2.1,"A"
"1202","USGS","06188000",2017-11-26,2.1,"A"
"1203","USGS","06188000",2017-11-27,2.3,"A"
"1204","USGS","06188000",2017-11-28,0.3,"A"
"1205","USGS","06188000",2017-11-29,0,"A"
"1206","USGS","06188000",2017-11-30,0,"A"
"1207","USGS","06188000",2017-12-01,0,"A"
"1208","USGS","06188000",2017-12-02,0,"A"
"1209","USGS","06188000",2017-12-03,0,"A"
"1210","USGS","06188000",2017-12-04,0,"A"
"1211","USGS","06188000",2017-12-05,0,"A"
"1212","USGS","06188000",2017-12-06,-0.1,"A"
"1213","USGS","06188000",2017-12-07,-0.1,"A"
"1214","USGS","06188000",2017-12-08,-0.1,"A"
"1215","USGS","06188000",2017-12-09,-0.1,"A"
"1216","USGS","06188000",2017-12-10,-0.1,"A"
"1217","USGS","06188000",2017-12-11,-0.1,"A"
"1218","USGS","06188000",2017-12-12,-0.1,"A"
"1219","USGS","06188000",2017-12-13,-0.1,"A"
"1220","USGS","06188000",2017-12-14,-0.1,"A"
"1221","USGS","06188000",2017-12-15,-0.1,"A"
"1222","USGS","06188000",2017-12-16,-0.1,"A"
"1223","USGS","06188000",2017-12-17,-0.1,"A"
"1224","USGS","06188000",2017-12-18,-0.1,"A"
"1225","USGS","06188000",2017-12-19,-0.1,"A"
"1226","USGS","06188000",2017-12-20,-0.1,"A"
"1227","USGS","06188000",2017-12-21,-0.1,"A"
"1228","USGS","06188000",2017-12-22,-0.1,"A"
"1229","USGS","06188000",2017-12-23,-0.1,"A"
"1230","USGS","06188000",2017-12-24,-0.1,"A"
"1231","USGS","06188000",2017-12-25,-0.1,"A"
"1232","USGS","06188000",2017-12-26,-0.1,"A"
"1233","USGS","06188000",2017-12-27,-0.1,"A"
"1234","USGS","06188000",2017-12-28,-0.1,"A"
"1235","USGS","06188000",2017-12-29,-0.1,"A"
"1236","USGS","06188000",2017-12-30,-0.1,"A"
"1237","USGS","06188000",2017-12-31,-0.1,"A"
"1238","USGS","06188000",2018-01-01,-0.1,"A"
"1239","USGS","06188000",2018-01-02,-0.1,"A"
"1240","USGS","06188000",2018-01-03,-0.1,"A"
"1241","USGS","06188000",2018-01-04,-0.1,"A"
"1242","USGS","06188000",2018-01-05,-0.1,"A"
"1243","USGS","06188000",2018-01-06,-0.1,"A"
"1244","USGS","06188000",2018-01-07,-0.1,"A"
"1245","USGS","06188000",2018-01-08,-0.1,"A"
"1246","USGS","06188000",2018-01-09,-0.1,"A"
"1247","USGS","06188000",2018-01-10,-0.1,"A"
"1248","USGS","06188000",2018-01-11,-0.1,"A"
"1249","USGS","06188000",2018-01-12,-0.1,"A"
"1250","USGS","06188000",2018-01-13,-0.1,"A"
"1251","USGS","06188000",2018-01-14,-0.1,"A"
"1252","USGS","06188000",2018-01-15,-0.1,"A"
"1253","USGS","06188000",2018-01-16,-0.1,"A"
"1254","USGS","06188000",2018-01-17,-0.1,"A"
"1255","USGS","06188000",2018-01-18,-0.2,"A"
"1256","USGS","06188000",2018-01-19,-0.2,"A"
"1257","USGS","06188000",2018-01-20,-0.2,"A"
"1258","USGS","06188000",2018-01-21,-0.2,"A"
"1259","USGS","06188000",2018-01-22,-0.2,"A"
"1260","USGS","06188000",2018-01-23,-0.2,"A"
"1261","USGS","06188000",2018-01-24,-0.2,"A"
"1262","USGS","06188000",2018-01-25,-0.2,"A"
"1263","USGS","06188000",2018-01-26,-0.2,"A"
"1264","USGS","06188000",2018-01-27,-0.2,"A"
"1265","USGS","06188000",2018-01-28,-0.2,"A"
"1266","USGS","06188000",2018-01-29,-0.2,"A"
"1267","USGS","06188000",2018-01-30,-0.2,"A"
"1268","USGS","06188000",2018-01-31,-0.2,"A"
"1269","USGS","06188000",2018-02-01,-0.2,"A"
"1270","USGS","06188000",2018-02-02,-0.2,"A"
"1271","USGS","06188000",2018-02-03,-0.2,"A"
"1272","USGS","06188000",2018-02-04,-0.2,"A"
"1273","USGS","06188000",2018-02-05,-0.2,"A"
"1274","USGS","06188000",2018-02-06,-0.2,"A"
"1275","USGS","06188000",2018-02-07,-0.2,"A"
"1276","USGS","06188000",2018-02-08,-0.2,"A"
"1277","USGS","06188000",2018-02-09,-0.2,"A"
"1278","USGS","06188000",2018-02-10,-0.2,"A"
"1279","USGS","06188000",2018-02-11,-0.2,"A"
"1280","USGS","06188000",2018-02-12,-0.2,"A"
"1281","USGS","06188000",2018-02-13,-0.2,"A"
"1282","USGS","06188000",2018-02-14,-0.2,"A"
"1283","USGS","06188000",2018-02-15,-0.2,"A"
"1284","USGS","06188000",2018-02-16,-0.2,"A"
"1285","USGS","06188000",2018-02-17,-0.2,"A"
"1286","USGS","06188000",2018-02-18,-0.2,"A"
"1287","USGS","06188000",2018-02-19,-0.2,"A"
"1288","USGS","06188000",2018-02-20,-0.2,"A"
"1289","USGS","06188000",2018-02-21,-0.2,"A"
"1290","USGS","06188000",2018-02-22,-0.2,"A"
"1291","USGS","06188000",2018-02-23,-0.2,"A"
"1292","USGS","06188000",2018-02-24,-0.2,"A"
"1293","USGS","06188000",2018-02-25,-0.2,"A"
"1294","USGS","06188000",2018-02-26,-0.2,"A"
"1295","USGS","06188000",2018-02-27,-0.2,"A"
"1296","USGS","06188000",2018-02-28,-0.2,"A"
"1297","USGS","06188000",2018-03-01,-0.2,"A"
"1298","USGS","06188000",2018-03-02,-0.2,"A"
"1299","USGS","06188000",2018-03-03,-0.2,"A"
"1300","USGS","06188000",2018-03-04,-0.2,"A"
"1301","USGS","06188000",2018-03-05,-0.2,"A"
"1302","USGS","06188000",2018-03-06,-0.2,"A"
"1303","USGS","06188000",2018-03-07,-0.2,"A"
"1304","USGS","06188000",2018-03-08,-0.2,"A"
"1305","USGS","06188000",2018-03-09,-0.2,"A"
"1306","USGS","06188000",2018-03-10,-0.2,"A"
"1307","USGS","06188000",2018-03-11,-0.2,"A"
"1308","USGS","06188000",2018-03-12,-0.2,"A"
"1309","USGS","06188000",2018-03-13,-0.2,"A"
"1310","USGS","06188000",2018-03-14,-0.2,"A"
"1311","USGS","06188000",2018-03-15,-0.2,"A"
"1312","USGS","06188000",2018-03-16,-0.2,"A"
"1313","USGS","06188000",2018-03-17,-0.2,"A"
"1314","USGS","06188000",2018-03-18,-0.2,"A"
"1315","USGS","06188000",2018-03-19,-0.2,"A"
"1316","USGS","06188000",2018-03-20,-0.2,"A"
"1317","USGS","06188000",2018-03-21,-0.2,"A"
"1318","USGS","06188000",2018-03-22,-0.2,"A"
"1319","USGS","06188000",2018-03-23,-0.1,"A"
"1320","USGS","06188000",2018-03-24,0.1,"A"
"1321","USGS","06188000",2018-03-25,0,"A"
"1322","USGS","06188000",2018-03-26,0.1,"A"
"1323","USGS","06188000",2018-03-27,0.2,"A"
"1324","USGS","06188000",2018-03-28,0.7,"A"
"1325","USGS","06188000",2018-03-29,1.3,"A"
"1326","USGS","06188000",2018-03-30,2.2,"A"
"1327","USGS","06188000",2018-03-31,2,"A"
"1328","USGS","06188000",2018-04-01,1.5,"A"
"1329","USGS","06188000",2018-04-02,1.7,"A"
"1330","USGS","06188000",2018-04-03,0.5,"A"
"1331","USGS","06188000",2018-04-04,1.6,"A"
"1332","USGS","06188000",2018-04-05,2.9,"A"
"1333","USGS","06188000",2018-04-06,2.3,"A"
"1334","USGS","06188000",2018-04-07,2.6,"A"
"1335","USGS","06188000",2018-04-08,2.5,"A"
"1336","USGS","06188000",2018-04-09,3.7,"A"
"1337","USGS","06188000",2018-04-10,4.1,"A"
"1338","USGS","06188000",2018-04-11,4,"A"
"1339","USGS","06188000",2018-04-12,3.1,"A"
"1340","USGS","06188000",2018-04-13,2.8,"A"
"1341","USGS","06188000",2018-04-14,3.2,"A"
"1342","USGS","06188000",2018-04-15,5.1,"A"
"1343","USGS","06188000",2018-04-16,5.6,"A"
"1344","USGS","06188000",2018-04-17,4.8,"A"
"1345","USGS","06188000",2018-04-18,4.9,"A"
"1346","USGS","06188000",2018-04-19,5.5,"A"
"1347","USGS","06188000",2018-04-20,6.3,"A"
"1348","USGS","06188000",2018-04-21,5.9,"A"
"1349","USGS","06188000",2018-04-22,4.7,"A"
"1350","USGS","06188000",2018-04-23,2.4,"A"
"1351","USGS","06188000",2018-04-24,3.4,"A"
"1352","USGS","06188000",2018-04-25,4.6,"A"
"1353","USGS","06188000",2018-04-26,5.6,"A"
"1354","USGS","06188000",2018-04-27,5.2,"A"
"1355","USGS","06188000",2018-04-28,4.5,"A"
"1356","USGS","06188000",2018-04-29,3.2,"A"
"1357","USGS","06188000",2018-04-30,2.5,"A"
"1358","USGS","06188000",2018-05-01,3.6,"A"
"1359","USGS","06188000",2018-05-02,5.6,"A"
"1360","USGS","06188000",2018-05-03,5.6,"A"
"1361","USGS","06188000",2018-05-04,5.6,"A"
"1362","USGS","06188000",2018-05-05,4.8,"A"
"1363","USGS","06188000",2018-05-06,4.9,"A"
"1364","USGS","06188000",2018-05-07,4.6,"A"
"1365","USGS","06188000",2018-05-08,4.9,"A"
"1366","USGS","06188000",2018-05-09,4.7,"A"
"1367","USGS","06188000",2018-05-10,4.9,"A"
"1368","USGS","06188000",2018-05-11,4.3,"A"
"1369","USGS","06188000",2018-05-12,4.5,"A"
"1370","USGS","06188000",2018-05-13,5.6,"A"
"1371","USGS","06188000",2018-05-14,4.7,"A"
"1372","USGS","06188000",2018-05-15,5.7,"A"
"1373","USGS","06188000",2018-05-16,5.2,"A"
"1374","USGS","06188000",2018-05-17,5,"A"
"1375","USGS","06188000",2018-05-18,5.1,"A"
"1376","USGS","06188000",2018-05-19,5,"A"
"1377","USGS","06188000",2018-05-20,5.8,"A"
"1378","USGS","06188000",2018-05-21,6,"A"
"1379","USGS","06188000",2018-05-22,5.6,"A"
"1380","USGS","06188000",2018-05-23,4.4,"A"
"1381","USGS","06188000",2018-05-24,5,"A"
"1382","USGS","06188000",2018-05-25,6.2,"A"
"1383","USGS","06188000",2018-05-26,6.4,"A"
"1384","USGS","06188000",2018-05-27,5.7,"A"
"1385","USGS","06188000",2018-05-28,5.6,"A"
"1386","USGS","06188000",2018-05-29,6.3,"A"
"1387","USGS","06188000",2018-05-30,5.9,"A"
"1388","USGS","06188000",2018-05-31,6.1,"A"
"1389","USGS","06188000",2018-06-01,5.4,"A"
"1390","USGS","06188000",2018-06-02,6.1,"A"
"1391","USGS","06188000",2018-06-03,7.5,"A"
"1392","USGS","06188000",2018-06-04,7.7,"A"
"1393","USGS","06188000",2018-06-05,7.8,"A"
"1394","USGS","06188000",2018-06-06,7.1,"A"
"1395","USGS","06188000",2018-06-07,7.4,"A"
"1396","USGS","06188000",2018-06-08,8.1,"A"
"1397","USGS","06188000",2018-06-09,8.3,"A"
"1398","USGS","06188000",2018-06-10,7.1,"A"
"1399","USGS","06188000",2018-06-11,5,"A"
"1400","USGS","06188000",2018-06-12,6.4,"A"
"1401","USGS","06188000",2018-06-13,8.7,"A"
"1402","USGS","06188000",2018-06-14,8.9,"A"
"1403","USGS","06188000",2018-06-15,5.8,"A"
"1404","USGS","06188000",2018-06-16,7,"A"
"1405","USGS","06188000",2018-06-17,7.3,"A"
"1406","USGS","06188000",2018-06-18,6.7,"A"
"1407","USGS","06188000",2018-06-19,6.7,"A"
"1408","USGS","06188000",2018-06-20,7.7,"A"
"1409","USGS","06188000",2018-06-21,8.9,"A"
"1410","USGS","06188000",2018-06-22,8.2,"A"
"1411","USGS","06188000",2018-06-23,8.6,"A"
"1412","USGS","06188000",2018-06-24,9.1,"A"
"1413","USGS","06188000",2018-06-25,10.3,"A"
"1414","USGS","06188000",2018-06-26,10.7,"A"
"1415","USGS","06188000",2018-06-27,10.3,"A"
"1416","USGS","06188000",2018-06-28,10.5,"A"
"1417","USGS","06188000",2018-06-29,9,"A"
"1418","USGS","06188000",2018-06-30,8.8,"A"
"1419","USGS","06188000",2018-07-01,10,"A"
"1420","USGS","06188000",2018-07-02,10.5,"A"
"1421","USGS","06188000",2018-07-03,10.2,"A"
"1422","USGS","06188000",2018-07-04,10,"A"
"1423","USGS","06188000",2018-07-05,11.8,"A"
"1424","USGS","06188000",2018-07-06,12.7,"A"
"1425","USGS","06188000",2018-07-07,12.7,"A"
"1426","USGS","06188000",2018-07-08,12.6,"A"
"1427","USGS","06188000",2018-07-09,13,"A"
"1428","USGS","06188000",2018-07-10,13.8,"A"
"1429","USGS","06188000",2018-07-11,14.2,"A"
"1430","USGS","06188000",2018-07-12,14.4,"A"
"1431","USGS","06188000",2018-07-13,14.8,"A"
"1432","USGS","06188000",2018-07-14,14.2,"A"
"1433","USGS","06188000",2018-07-15,14.8,"A"
"1434","USGS","06188000",2018-07-16,14.6,"A"
"1435","USGS","06188000",2018-07-17,13.4,"A"
"1436","USGS","06188000",2018-07-18,13.3,"A"
"1437","USGS","06188000",2018-07-19,14.6,"A"
"1438","USGS","06188000",2018-07-20,15.1,"A"
"1439","USGS","06188000",2018-07-21,14.6,"A"
"1440","USGS","06188000",2018-07-22,15.2,"A"
"1441","USGS","06188000",2018-07-23,15.6,"A"
"1442","USGS","06188000",2018-07-24,15.2,"A"
"1443","USGS","06188000",2018-07-25,15.6,"A"
"1444","USGS","06188000",2018-07-26,16.1,"A"
"1445","USGS","06188000",2018-07-27,16.4,"A"
"1446","USGS","06188000",2018-07-28,15.9,"A"
"1447","USGS","06188000",2018-07-29,15.3,"A"
"1448","USGS","06188000",2018-07-30,15.5,"A"
"1449","USGS","06188000",2018-07-31,16.4,"A"
"1450","USGS","06188000",2018-08-01,16.8,"A"
"1451","USGS","06188000",2018-08-02,16.1,"A"
"1452","USGS","06188000",2018-08-03,15.3,"A"
"1453","USGS","06188000",2018-08-04,14.6,"A"
"1454","USGS","06188000",2018-08-05,13,"A"
"1455","USGS","06188000",2018-08-06,13.2,"A"
"1456","USGS","06188000",2018-08-07,15.4,"A"
"1457","USGS","06188000",2018-08-08,16,"A"
"1458","USGS","06188000",2018-08-09,17,"A"
"1459","USGS","06188000",2018-08-10,17.9,"A"
"1460","USGS","06188000",2018-08-11,18.2,"A"
"1461","USGS","06188000",2018-08-12,17.2,"A"
"1462","USGS","06188000",2018-08-13,16.7,"A"
"1463","USGS","06188000",2018-08-14,16.6,"A"
"1464","USGS","06188000",2018-08-15,15.8,"A"
"1465","USGS","06188000",2018-08-16,15.4,"A"
"1466","USGS","06188000",2018-08-17,16.3,"A"
"1467","USGS","06188000",2018-08-18,15.7,"A"
"1468","USGS","06188000",2018-08-19,14.6,"A"
"1469","USGS","06188000",2018-08-20,14.5,"A"
"1470","USGS","06188000",2018-08-21,13.5,"A"
"1471","USGS","06188000",2018-08-22,14.2,"A"
"1472","USGS","06188000",2018-08-23,13.9,"A"
"1473","USGS","06188000",2018-08-24,13.6,"A"
"1474","USGS","06188000",2018-08-25,13.3,"A"
"1475","USGS","06188000",2018-08-26,12.9,"A"
"1476","USGS","06188000",2018-08-27,11.1,"A"
"1477","USGS","06188000",2018-08-28,10.6,"A"
"1478","USGS","06188000",2018-08-29,12.1,"A"
"1479","USGS","06188000",2018-08-30,12.6,"A"
"1480","USGS","06188000",2018-08-31,12.3,"A"
"1481","USGS","06188000",2018-09-01,12.8,"A"
"1482","USGS","06188000",2018-09-02,13.4,"A"
"1483","USGS","06188000",2018-09-03,13.5,"A"
"1484","USGS","06188000",2018-09-04,13.8,"A"
"1485","USGS","06188000",2018-09-05,13.7,"A"
"1486","USGS","06188000",2018-09-06,14,"A"
"1487","USGS","06188000",2018-09-07,13.4,"A"
"1488","USGS","06188000",2018-09-08,14,"A"
"1489","USGS","06188000",2018-09-09,13.5,"A"
"1490","USGS","06188000",2018-09-10,12.9,"A"
"1491","USGS","06188000",2018-09-11,12.2,"A"
"1492","USGS","06188000",2018-09-12,12.1,"A"
"1493","USGS","06188000",2018-09-13,11.8,"A"
"1494","USGS","06188000",2018-09-14,11.3,"A"
"1495","USGS","06188000",2018-09-15,11.3,"A"
"1496","USGS","06188000",2018-09-16,12.7,"A"
"1497","USGS","06188000",2018-09-17,11.6,"A"
"1498","USGS","06188000",2018-09-18,10.9,"A"
"1499","USGS","06188000",2018-09-19,10.8,"A"
"1500","USGS","06188000",2018-09-20,10.3,"A"
"1501","USGS","06188000",2018-09-21,9.2,"A"
"1502","USGS","06188000",2018-09-22,9.3,"A"
"1503","USGS","06188000",2018-09-23,9.8,"A"
"1504","USGS","06188000",2018-09-24,8.9,"A"
"1505","USGS","06188000",2018-09-25,8,"A"
"1506","USGS","06188000",2018-09-26,8,"A"
"1507","USGS","06188000",2018-09-27,8.9,"A"
"1508","USGS","06188000",2018-09-28,8.4,"A"
"1509","USGS","06188000",2018-09-29,8.4,"A"
"1510","USGS","06188000",2018-09-30,7.5,"A"
"1511","USGS","06188000",2018-10-01,8,"A"
"1512","USGS","06188000",2018-10-02,9.3,"A"
"1513","USGS","06188000",2018-10-03,9.6,"A"
"1514","USGS","06188000",2018-10-04,9.4,"A"
"1515","USGS","06188000",2018-10-05,7.4,"A"
"1516","USGS","06188000",2018-10-06,6.3,"A"
"1517","USGS","06188000",2018-10-07,6.3,"A"
"1518","USGS","06188000",2018-10-08,5.4,"A"
"1519","USGS","06188000",2018-10-09,5.2,"A"
"1520","USGS","06188000",2018-10-10,4.3,"A"
"1521","USGS","06188000",2018-10-11,4.4,"A"
"1522","USGS","06188000",2018-10-12,3.5,"A"
"1523","USGS","06188000",2018-10-13,4.2,"A"
"1524","USGS","06188000",2018-10-14,1.3,"A"
"1525","USGS","06188000",2018-10-15,1.1,"A"
"1526","USGS","06188000",2018-10-16,2.1,"A"
"1527","USGS","06188000",2018-10-17,3.5,"A"
"1528","USGS","06188000",2018-10-18,4.5,"A"
"1529","USGS","06188000",2018-10-19,4.6,"A"
"1530","USGS","06188000",2018-10-20,4.9,"A"
"1531","USGS","06188000",2018-10-21,5.3,"A"
"1532","USGS","06188000",2018-10-22,5.3,"A"
"1533","USGS","06188000",2018-10-23,5,"A"
"1534","USGS","06188000",2018-10-24,5.9,"P"
"1535","USGS","06188000",2018-10-25,6.2,"P"
"1536","USGS","06188000",2018-10-26,5.4,"P"
"1537","USGS","06188000",2018-10-27,6.2,"P"
"1538","USGS","06188000",2018-10-28,5.8,"P"
"1539","USGS","06188000",2018-10-29,6.1,"P"
"1540","USGS","06188000",2018-10-30,3.6,"P"
"1541","USGS","06188000",2018-10-31,1.6,"P"
"1542","USGS","06188000",2018-11-01,1,"P"
"1543","USGS","06188000",2018-11-02,2.6,"P"
"1544","USGS","06188000",2018-11-03,2.8,"P"
"1545","USGS","06188000",2018-11-04,2.5,"P"
"1546","USGS","06188000",2018-11-05,2,"P"
"1547","USGS","06188000",2018-11-06,1.4,"P"
"1548","USGS","06188000",2018-11-07,0.7,"P"
"1549","USGS","06188000",2018-11-08,0,"P"
"1550","USGS","06188000",2018-11-09,-0.1,"P"
"1551","USGS","06188000",2018-11-10,-0.1,"P"
"1552","USGS","06188000",2018-11-11,-0.1,"P"
"1553","USGS","06188000",2018-11-12,-0.1,"P"
"1554","USGS","06188000",2018-11-13,-0.1,"P"
"1555","USGS","06188000",2018-11-14,-0.1,"P"
"1556","USGS","06188000",2018-11-15,-0.1,"P"
"1557","USGS","06188000",2018-11-16,-0.1,"P"
"1558","USGS","06188000",2018-11-17,-0.1,"P"
"1559","USGS","06188000",2018-11-18,-0.1,"P"
"1560","USGS","06188000",2018-11-19,-0.1,"P"
"1561","USGS","06188000",2018-11-20,-0.1,"P"
"1562","USGS","06188000",2018-11-21,-0.1,"P"
"1563","USGS","06188000",2018-11-22,-0.1,"P"
"1564","USGS","06188000",2018-11-23,-0.1,"P"
"1565","USGS","06188000",2018-11-24,-0.1,"P"
"1566","USGS","06188000",2018-11-25,-0.1,"P"
"1567","USGS","06188000",2018-11-26,-0.1,"P"
"1568","USGS","06188000",2018-11-27,-0.1,"P"
"1569","USGS","06188000",2018-11-28,-0.1,"P"
"1570","USGS","06188000",2018-11-29,-0.1,"P"
"1571","USGS","06188000",2018-11-30,-0.1,"P"
"1572","USGS","06188000",2018-12-01,-0.1,"P"
"1573","USGS","06188000",2018-12-02,-0.1,"P"
"1574","USGS","06188000",2018-12-03,-0.1,"P"
"1575","USGS","06188000",2018-12-04,-0.1,"P"
"1576","USGS","06188000",2018-12-05,-0.1,"P"
"1577","USGS","06188000",2018-12-06,-0.1,"P"
"1578","USGS","06188000",2018-12-07,-0.1,"P"
"1579","USGS","06188000",2018-12-08,-0.1,"P"
"1580","USGS","06188000",2018-12-09,-0.1,"P"
"1581","USGS","06188000",2018-12-10,-0.2,"P"
"1582","USGS","06188000",2018-12-11,-0.1,"P"
"1583","USGS","06188000",2018-12-12,-0.1,"P"
"1584","USGS","06188000",2018-12-13,-0.1,"P"
"1585","USGS","06188000",2018-12-14,-0.1,"P"
"1586","USGS","06188000",2018-12-15,-0.1,"P"
"1587","USGS","06188000",2018-12-16,-0.1,"P"
"1588","USGS","06188000",2018-12-17,-0.2,"P"
"1589","USGS","06188000",2018-12-18,-0.1,"P"
"1590","USGS","06188000",2018-12-19,-0.1,"P"
"1591","USGS","06188000",2018-12-20,-0.1,"P"
"1592","USGS","06188000",2018-12-21,-0.1,"P"
"1593","USGS","06188000",2018-12-22,-0.1,"P"
"1594","USGS","06188000",2018-12-23,-0.1,"P"
"1595","USGS","06188000",2018-12-24,-0.1,"P"
"1596","USGS","06188000",2018-12-25,-0.1,"P"
"1597","USGS","06188000",2018-12-26,-0.1,"P"
"1598","USGS","06188000",2018-12-27,-0.1,"P"
"1599","USGS","06188000",2018-12-28,-0.1,"P"
"1600","USGS","06188000",2018-12-29,-0.1,"P"
"1601","USGS","06188000",2018-12-30,-0.1,"P"
"1602","USGS","06188000",2018-12-31,-0.1,"P"
"1603","USGS","06188000",2019-01-01,-0.1,"P"
"1604","USGS","06188000",2019-01-02,-0.1,"P"
"1605","USGS","06188000",2019-01-03,-0.1,"P"
"1606","USGS","06188000",2019-01-04,-0.1,"P"
"1607","USGS","06188000",2019-01-05,-0.1,"P"
"1608","USGS","06188000",2019-01-06,-0.1,"P"
"1609","USGS","06188000",2019-01-07,-0.1,"P"
"1610","USGS","06188000",2019-01-08,-0.1,"P"
"1611","USGS","06188000",2019-01-09,-0.1,"P"
"1612","USGS","06188000",2019-01-10,-0.1,"P"
"1613","USGS","06188000",2019-01-11,-0.1,"P"
"1614","USGS","06188000",2019-01-12,-0.1,"P"
"1615","USGS","06188000",2019-01-13,-0.2,"P"
"1616","USGS","06188000",2019-01-14,-0.2,"P"
"1617","USGS","06188000",2019-01-15,-0.2,"P"
"1618","USGS","06188000",2019-01-16,-0.2,"P"
"1619","USGS","06188000",2019-01-17,-0.1,"P"
"1620","USGS","06188000",2019-01-18,-0.1,"P"
"1621","USGS","06188000",2019-01-19,-0.1,"P"
"1622","USGS","06188000",2019-01-20,-0.1,"P"
"1623","USGS","06188000",2019-01-21,-0.1,"P"
"1624","USGS","06188000",2019-01-22,-0.1,"P"
"1625","USGS","06188000",2019-01-23,-0.1,"P"
"1626","USGS","06188000",2019-01-24,-0.1,"P"
"1627","USGS","06188000",2019-01-25,-0.1,"P"
"1628","USGS","06188000",2019-01-26,-0.1,"P"
"1629","USGS","06188000",2019-01-27,-0.1,"P"
"1630","USGS","06188000",2019-01-28,-0.1,"P"
"1631","USGS","06188000",2019-01-29,-0.1,"P"
"1632","USGS","06188000",2019-01-30,-0.1,"P"
"1633","USGS","06188000",2019-01-31,-0.1,"P"
"1634","USGS","06188000",2019-02-01,-0.1,"P"
"1635","USGS","06188000",2019-02-02,-0.1,"P"
"1636","USGS","06188000",2019-02-03,-0.1,"P"
"1637","USGS","06188000",2019-02-04,-0.1,"P"
"1638","USGS","06188000",2019-02-05,-0.1,"P"
"1639","USGS","06188000",2019-02-06,-0.1,"P"
"1640","USGS","06188000",2019-02-07,-0.1,"P"
"1641","USGS","06188000",2019-02-08,-0.1,"P"
"1642","USGS","06188000",2019-02-09,-0.1,"P"
"1643","USGS","06188000",2019-02-10,-0.1,"P"
"1644","USGS","06188000",2019-02-11,-0.1,"P"
"1645","USGS","06188000",2019-02-12,-0.1,"P"
"1646","USGS","06188000",2019-02-13,-0.1,"P"
"1647","USGS","06188000",2019-02-14,-0.1,"P"
"1648","USGS","06188000",2019-02-15,-0.1,"P"
"1649","USGS","06188000",2019-02-16,-0.1,"P"
"1650","USGS","06188000",2019-02-17,-0.1,"P"
"1651","USGS","06188000",2019-02-18,-0.1,"P"
"1652","USGS","06188000",2019-02-19,-0.1,"P"
"1653","USGS","06188000",2019-02-20,-0.1,"P"
"1654","USGS","06188000",2019-02-21,-0.1,"P"
"1655","USGS","06188000",2019-02-22,-0.1,"P"
"1656","USGS","06188000",2019-02-23,-0.1,"P"
"1657","USGS","06188000",2019-02-24,-0.1,"P"
"1658","USGS","06188000",2019-02-25,-0.1,"P"
"1659","USGS","06188000",2019-02-26,-0.1,"P"
"1660","USGS","06188000",2019-02-27,-0.1,"P"
"1661","USGS","06188000",2019-02-28,-0.1,"P"
"1662","USGS","06188000",2019-03-01,-0.1,"P"
"1663","USGS","06188000",2019-03-02,-0.1,"P"
"1664","USGS","06188000",2019-03-03,-0.1,"P"
"1665","USGS","06188000",2019-03-04,-0.1,"P"
"1666","USGS","06188000",2019-03-05,-0.1,"P"
"1667","USGS","06188000",2019-03-06,-0.1,"P"
"1668","USGS","06188000",2019-03-07,-0.1,"P"
"1669","USGS","06188000",2019-03-08,-0.1,"P"
"1670","USGS","06188000",2019-03-09,-0.1,"P"
"1671","USGS","06188000",2019-03-10,-0.1,"P"
"1672","USGS","06188000",2019-03-11,-0.1,"P"
"1673","USGS","06188000",2019-03-12,-0.1,"P"
"1674","USGS","06188000",2019-03-13,-0.1,"P"
"1675","USGS","06188000",2019-03-14,-0.1,"P"
"1676","USGS","06188000",2019-03-15,-0.1,"P"
"1677","USGS","06188000",2019-03-16,-0.1,"P"
"1678","USGS","06188000",2019-03-17,-0.1,"P"
"1679","USGS","06188000",2019-03-18,-0.1,"P"
"1680","USGS","06188000",2019-03-19,-0.1,"P"
"1681","USGS","06188000",2019-03-20,-0.1,"P"
"1682","USGS","06188000",2019-03-21,-0.1,"P"
"1683","USGS","06188000",2019-03-22,-0.1,"P"
"1684","USGS","06188000",2019-03-23,-0.1,"P"
"1685","USGS","06188000",2019-03-24,-0.1,"P"
"1686","USGS","06188000",2019-03-25,-0.1,"P"
"1687","USGS","06188000",2019-03-26,-0.1,"P"
"1688","USGS","06188000",2019-03-27,-0.1,"P"
"1689","USGS","06188000",2019-03-28,-0.1,"P"
"1690","USGS","06188000",2019-03-29,-0.1,"P"
"1691","USGS","06188000",2019-03-30,0,"P"
"1692","USGS","06188000",2019-03-31,0.5,"P"
"1693","USGS","06188000",2019-04-01,1.6,"P"
"1694","USGS","06188000",2019-04-02,2.7,"P"
"1695","USGS","06188000",2019-04-03,3.7,"P"
"1696","USGS","06188000",2019-04-04,3.8,"P"
"1697","USGS","06188000",2019-04-05,3.7,"P"
"1698","USGS","06188000",2019-04-06,3.9,"P"
"1699","USGS","06188000",2019-04-07,3.5,"P"
"1700","USGS","06188000",2019-04-08,3.8,"P"
"1701","USGS","06188000",2019-04-09,3.3,"P"
"1702","USGS","06188000",2019-04-10,3.1,"P"
"1703","USGS","06188000",2019-04-11,2.8,"P"
"1704","USGS","06188000",2019-04-12,3.6,"P"
"1705","USGS","06188000",2019-04-13,4.8,"P"
"1706","USGS","06188000",2019-04-14,5.4,"P"
"1707","USGS","06188000",2019-04-15,4.7,"P"
"1708","USGS","06188000",2019-04-16,4.9,"P"
"1709","USGS","06188000",2019-04-17,5.3,"P"
"1710","USGS","06188000",2019-04-18,6.3,"P"
"1711","USGS","06188000",2019-04-19,8.5,"P"
"1712","USGS","06188000",2019-04-20,7,"P"
"1713","USGS","06188000",2019-04-21,5,"P"
"1714","USGS","06188000",2019-04-22,6.1,"P"
"1715","USGS","06188000",2019-04-23,6.4,"P"
"1716","USGS","06188000",2019-04-24,5.1,"P"
"1717","USGS","06188000",2019-04-25,5.3,"P"
"1718","USGS","06188000",2019-04-26,4.7,"P"
"1719","USGS","06188000",2019-04-27,4.5,"P"
"1720","USGS","06188000",2019-04-28,3.7,"P"
"1721","USGS","06188000",2019-04-29,2.8,"P"
"1722","USGS","06188000",2019-04-30,3.7,"P"
"1723","USGS","06188000",2019-05-01,4,"P"
"1724","USGS","06188000",2019-05-02,4.5,"P"
"1725","USGS","06188000",2019-05-03,5,"P"
"1726","USGS","06188000",2019-05-04,7.4,"P"
"1727","USGS","06188000",2019-05-05,7.1,"P"
"1728","USGS","06188000",2019-05-06,7.7,"P"
"1729","USGS","06188000",2019-05-07,5.3,"P"
"1730","USGS","06188000",2019-05-08,5.4,"P"
"1731","USGS","06188000",2019-05-09,5.1,"P"
"1732","USGS","06188000",2019-05-10,5.8,"P"
"1733","USGS","06188000",2019-05-11,7.2,"P"
"1734","USGS","06188000",2019-05-12,6.9,"P"
"1735","USGS","06188000",2019-05-13,6.7,"P"
"1736","USGS","06188000",2019-05-14,6.1,"P"
"1737","USGS","06188000",2019-05-15,5.2,"P"
"1738","USGS","06188000",2019-05-16,5.6,"P"
"1739","USGS","06188000",2019-05-17,3.9,"P"
"1740","USGS","06188000",2019-05-18,4.5,"P"
"1741","USGS","06188000",2019-05-19,5.4,"P"
"1742","USGS","06188000",2019-05-20,5.3,"P"
"1743","USGS","06188000",2019-05-21,5,"P"
"1744","USGS","06188000",2019-05-22,5.2,"P"
"1745","USGS","06188000",2019-05-23,5.3,"P"
"1746","USGS","06188000",2019-05-24,5.8,"P"
"1747","USGS","06188000",2019-05-25,6.8,"P"
"1748","USGS","06188000",2019-05-26,7.9,"P"
"1749","USGS","06188000",2019-05-27,6.4,"P"
"1750","USGS","06188000",2019-05-28,7.2,"P"
"1751","USGS","06188000",2019-05-29,7,"P"
"1752","USGS","06188000",2019-05-30,7,"P"
"1753","USGS","06188000",2019-05-31,6.9,"P"
"1754","USGS","06188000",2019-06-01,7.1,"P"
"1755","USGS","06188000",2019-06-02,7.1,"P"
"1756","USGS","06188000",2019-06-03,6.5,"P"
"1757","USGS","06188000",2019-06-04,7.3,"P"
"1758","USGS","06188000",2019-06-05,7.7,"P"
"1759","USGS","06188000",2019-06-06,7.2,"P"
"1760","USGS","06188000",2019-06-07,6.5,"P"
"1761","USGS","06188000",2019-06-08,4.4,"P"
"1762","USGS","06188000",2019-06-09,5.5,"P"
"1763","USGS","06188000",2019-06-10,6.5,"P"
"1764","USGS","06188000",2019-06-11,8.3,"P"
"1765","USGS","06188000",2019-06-12,8.8,"P"
"1766","USGS","06188000",2019-06-13,8.8,"P"
"1767","USGS","06188000",2019-06-14,7.7,"P"
"1768","USGS","06188000",2019-06-15,8.2,"P"
"1769","USGS","06188000",2019-06-16,7.4,"P"
"1770","USGS","06188000",2019-06-17,8.1,"P"
"1771","USGS","06188000",2019-06-18,8.6,"P"
"1772","USGS","06188000",2019-06-19,7.6,"P"
"1773","USGS","06188000",2019-06-20,6.4,"P"
"1774","USGS","06188000",2019-06-21,6,"P"
"1775","USGS","06188000",2019-06-22,5.9,"P"
"1776","USGS","06188000",2019-06-23,6.7,"P"
"1777","USGS","06188000",2019-06-24,7.9,"P"
"1778","USGS","06188000",2019-06-25,8.5,"P"
"1779","USGS","06188000",2019-06-26,9.4,"P"
"1780","USGS","06188000",2019-06-27,9.9,"P"
"1781","USGS","06188000",2019-06-28,10.6,"P"
"1782","USGS","06188000",2019-06-29,10.3,"P"
"1783","USGS","06188000",2019-06-30,9.6,"P"
"1784","USGS","06188000",2019-07-01,11,"P"
"1785","USGS","06188000",2019-07-02,9.5,"P"
"1786","USGS","06188000",2019-07-03,10.2,"P"
"1787","USGS","06188000",2019-07-04,11.1,"P"
"1788","USGS","06188000",2019-07-05,10.9,"P"
"1789","USGS","06188000",2019-07-06,11.1,"P"
"1790","USGS","06188000",2019-07-07,11.8,"P"
"1791","USGS","06188000",2019-07-08,11.1,"P"
"1792","USGS","06188000",2019-07-09,10.6,"P"
"1793","USGS","06188000",2019-07-10,10.7,"P"
"1794","USGS","06188000",2019-07-11,13.3,"P"
"1795","USGS","06188000",2019-07-12,13.8,"P"
"1796","USGS","06188000",2019-07-13,14.3,"P"
"1797","USGS","06188000",2019-07-14,14.8,"P"
"1798","USGS","06188000",2019-07-15,14.3,"P"
"1799","USGS","06188000",2019-07-16,13.1,"P"
"1800","USGS","06188000",2019-07-17,13.1,"P"
"1801","USGS","06188000",2019-07-18,14.4,"P"
"1802","USGS","06188000",2019-07-19,13.8,"P"
"1803","USGS","06188000",2019-07-20,14.2,"P"
"1804","USGS","06188000",2019-07-21,15.2,"P"
"1805","USGS","06188000",2019-07-22,15.7,"P"
"1806","USGS","06188000",2019-07-23,15.9,"P"
"1807","USGS","06188000",2019-07-24,16.5,"P"
"1808","USGS","06188000",2019-07-25,16.1,"P"
"1809","USGS","06188000",2019-07-26,16.4,"P"
"1810","USGS","06188000",2019-07-27,15.8,"P"
"1811","USGS","06188000",2019-07-28,15.1,"P"
"1812","USGS","06188000",2019-07-29,15.7,"P"
"1813","USGS","06188000",2019-07-30,16.5,"P"
"1814","USGS","06188000",2019-07-31,16.2,"P"
"1815","USGS","06188000",2019-08-01,16.5,"P"
"1816","USGS","06188000",2019-08-02,16.7,"P"
"1817","USGS","06188000",2019-08-03,18.2,"P"
"1818","USGS","06188000",2019-08-04,17.8,"P"
"1819","USGS","06188000",2019-08-05,17.2,"P"
"1820","USGS","06188000",2019-08-06,15.6,"P"
"1821","USGS","06188000",2019-08-07,16.7,"P"
"1822","USGS","06188000",2019-08-08,16.8,"P"
"1823","USGS","06188000",2019-08-09,16.3,"P"
"1824","USGS","06188000",2019-08-10,16.2,"P"
"1825","USGS","06188000",2019-08-11,16,"P"
"1826","USGS","06188000",2019-08-12,15.3,"P"
"1827","USGS","06188000",2019-08-13,15.4,"P"
"1828","USGS","06188000",2019-08-14,15.8,"P"
"1829","USGS","06188000",2019-08-15,16.3,"P"
"1830","USGS","06188000",2019-08-16,15.4,"P"
"1831","USGS","06188000",2019-08-17,15.4,"P"
"1832","USGS","06188000",2019-08-18,14.7,"P"
"1833","USGS","06188000",2019-08-19,16,"P"
"1834","USGS","06188000",2019-08-20,16.6,"P"
"1835","USGS","06188000",2019-08-21,15.7,"P"
"1836","USGS","06188000",2019-08-22,14.6,"P"
"1837","USGS","06188000",2019-08-23,15,"P"
"1838","USGS","06188000",2019-08-24,15.5,"P"
"1839","USGS","06188000",2019-08-25,15.7,"P"
"1840","USGS","06188000",2019-08-26,13.9,"P"
"1841","USGS","06188000",2019-08-27,13.8,"P"
"1842","USGS","06188000",2019-08-28,14.6,"P"
"1843","USGS","06188000",2019-08-29,14.7,"P"
"1844","USGS","06188000",2019-08-30,14.7,"P"
"1845","USGS","06188000",2019-08-31,14.8,"P"
"1846","USGS","06188000",2019-09-01,15.3,"P"
"1847","USGS","06188000",2019-09-02,15.6,"P"
"1848","USGS","06188000",2019-09-03,15.7,"P"
"1849","USGS","06188000",2019-09-04,16.3,"P"
"1850","USGS","06188000",2019-09-05,16.3,"P"
"1851","USGS","06188000",2019-09-06,15.2,"P"
"1852","USGS","06188000",2019-09-07,13.5,"P"
"1853","USGS","06188000",2019-09-08,12,"P"
"1854","USGS","06188000",2019-09-09,11.8,"P"
"1855","USGS","06188000",2019-09-10,10.9,"P"
"1856","USGS","06188000",2019-09-11,10.1,"P"
"1857","USGS","06188000",2019-09-12,10.3,"P"
"1858","USGS","06188000",2019-09-13,11,"P"
"1859","USGS","06188000",2019-09-14,12.4,"P"
"1860","USGS","06188000",2019-09-15,12.9,"P"
"1861","USGS","06188000",2019-09-16,12.7,"P"
"1862","USGS","06188000",2019-09-17,11.4,"P"
"1863","USGS","06188000",2019-09-18,9.5,"P"
"1864","USGS","06188000",2019-09-19,10.9,"P"
"1865","USGS","06188000",2019-09-20,10.5,"P"
"1866","USGS","06188000",2019-09-21,7.8,"P"
"1867","USGS","06188000",2019-09-22,9,"P"
"1868","USGS","06188000",2019-09-23,9.4,"P"
"1869","USGS","06188000",2019-09-24,10.9,"P"
"1870","USGS","06188000",2019-09-25,11.1,"P"
"1871","USGS","06188000",2019-09-26,9.8,"P"
"1872","USGS","06188000",2019-09-27,9.9,"P"
"1873","USGS","06188000",2019-09-28,8.1,"P"
"1874","USGS","06188000",2019-09-29,5.5,"P"
"1875","USGS","06188000",2019-09-30,5.4,"P"
"1876","USGS","06188000",2019-10-01,5.4,"P"
"1877","USGS","06188000",2019-10-02,4.9,"P"
"1878","USGS","06188000",2019-10-03,4.7,"P"
"1879","USGS","06188000",2019-10-04,5,"P"
"1880","USGS","06188000",2019-10-05,4.1,"P"
"1881","USGS","06188000",2019-10-06,4.3,"P"
"1882","USGS","06188000",2019-10-07,5.3,"P"
"1883","USGS","06188000",2019-10-08,5.8,"P"
"1884","USGS","06188000",2019-10-09,3.2,"P"
"1885","USGS","06188000",2019-10-10,0.1,"P"
"1886","USGS","06188000",2019-10-11,-0.1,"P"
"1887","USGS","06188000",2019-10-12,0.3,"P"
