"","id","date","tavg","tmax","tmin"
"1","USS0021B60S",1995-08-01,NA,NA,NA
"2","USS0021B60S",1995-08-02,NA,NA,NA
"3","USS0021B60S",1995-08-03,NA,NA,NA
"4","USS0021B60S",1995-08-04,NA,NA,NA
"5","USS0021B60S",1995-08-05,NA,NA,NA
"6","USS0021B60S",1995-08-06,NA,NA,NA
"7","USS0021B60S",1995-08-07,NA,NA,NA
"8","USS0021B60S",1995-08-08,NA,NA,NA
"9","USS0021B60S",1995-08-09,NA,NA,NA
"10","USS0021B60S",1995-08-10,NA,NA,NA
"11","USS0021B60S",1995-08-11,NA,NA,NA
"12","USS0021B60S",1995-08-12,NA,NA,NA
"13","USS0021B60S",1995-08-13,NA,NA,NA
"14","USS0021B60S",1995-08-14,NA,NA,NA
"15","USS0021B60S",1995-08-15,NA,NA,NA
"16","USS0021B60S",1995-08-16,NA,NA,NA
"17","USS0021B60S",1995-08-17,NA,NA,NA
"18","USS0021B60S",1995-08-18,NA,NA,NA
"19","USS0021B60S",1995-08-19,NA,NA,NA
"20","USS0021B60S",1995-08-20,NA,NA,NA
"21","USS0021B60S",1995-08-21,NA,NA,NA
"22","USS0021B60S",1995-08-22,NA,NA,NA
"23","USS0021B60S",1995-08-23,NA,NA,NA
"24","USS0021B60S",1995-08-24,NA,NA,NA
"25","USS0021B60S",1995-08-25,NA,NA,NA
"26","USS0021B60S",1995-08-26,NA,NA,NA
"27","USS0021B60S",1995-08-27,NA,NA,NA
"28","USS0021B60S",1995-08-28,NA,NA,NA
"29","USS0021B60S",1995-08-29,NA,NA,NA
"30","USS0021B60S",1995-08-30,12.4,18.8,9.9
"31","USS0021B60S",1995-08-31,16.8,22.8,9.9
"32","USS0021B60S",1995-09-01,20,26.1,15
"33","USS0021B60S",1995-09-02,20.7,28.3,14.8
"34","USS0021B60S",1995-09-03,17.4,27.2,11.1
"35","USS0021B60S",1995-09-04,10.5,14,9
"36","USS0021B60S",1995-09-05,9.7,13.7,7.8
"37","USS0021B60S",1995-09-06,10.7,16.2,7.6
"38","USS0021B60S",1995-09-07,10.2,12.2,8.8
"39","USS0021B60S",1995-09-08,14.1,18.9,9.7
"40","USS0021B60S",1995-09-09,17.2,23.5,13.4
"41","USS0021B60S",1995-09-10,16,22.1,12.4
"42","USS0021B60S",1995-09-11,14,19,10.6
"43","USS0021B60S",1995-09-12,14.8,20.6,11
"44","USS0021B60S",1995-09-13,19.1,26,12.2
"45","USS0021B60S",1995-09-14,20.5,27.3,15.7
"46","USS0021B60S",1995-09-15,18.5,24.9,14.4
"47","USS0021B60S",1995-09-16,16.1,22.8,11.6
"48","USS0021B60S",1995-09-17,10.6,11.6,9.3
"49","USS0021B60S",1995-09-18,10.1,12.2,9
"50","USS0021B60S",1995-09-19,12.4,17.6,9.1
"51","USS0021B60S",1995-09-20,14.3,18.8,10.3
"52","USS0021B60S",1995-09-21,14.2,21.1,8.9
"53","USS0021B60S",1995-09-22,17.2,24.9,13.4
"54","USS0021B60S",1995-09-23,17.7,24,14.3
"55","USS0021B60S",1995-09-24,15.8,23.4,10.3
"56","USS0021B60S",1995-09-25,9.3,12.1,7.5
"57","USS0021B60S",1995-09-26,9.1,12.2,7.2
"58","USS0021B60S",1995-09-27,8.4,9.3,7.4
"59","USS0021B60S",1995-09-28,7.2,8.4,6.1
"60","USS0021B60S",1995-09-29,7.6,11,5.9
"61","USS0021B60S",1995-09-30,5.9,8.1,2.9
"62","USS0021B60S",1995-10-01,6.4,10.1,4.1
"63","USS0021B60S",1995-10-02,8.2,10.3,5.2
"64","USS0021B60S",1995-10-03,4.6,7.1,3.5
"65","USS0021B60S",1995-10-04,5.7,10.6,3.5
"66","USS0021B60S",1995-10-05,9,14.1,6
"67","USS0021B60S",1995-10-06,5.8,8.9,4.4
"68","USS0021B60S",1995-10-07,6.3,8.9,4.5
"69","USS0021B60S",1995-10-08,5.5,6.9,4.1
"70","USS0021B60S",1995-10-09,5.2,6.5,4.1
"71","USS0021B60S",1995-10-10,6.3,8.1,2.6
"72","USS0021B60S",1995-10-11,3.3,5.7,2.3
"73","USS0021B60S",1995-10-12,3.1,5.4,1.9
"74","USS0021B60S",1995-10-13,7.3,11.7,2.7
"75","USS0021B60S",1995-10-14,12.7,20.4,9.5
"76","USS0021B60S",1995-10-15,12.2,18.7,6.4
"77","USS0021B60S",1995-10-16,6.2,7.3,4.9
"78","USS0021B60S",1995-10-17,4.8,7.8,2
"79","USS0021B60S",1995-10-18,4.3,8.5,2.3
"80","USS0021B60S",1995-10-19,10.1,12.8,7.1
"81","USS0021B60S",1995-10-20,5.4,11.5,3.1
"82","USS0021B60S",1995-10-21,1.7,3.6,0.2
"83","USS0021B60S",1995-10-22,2.8,6.5,-0.1
"84","USS0021B60S",1995-10-23,5.5,9.2,2.1
"85","USS0021B60S",1995-10-24,2.8,4.8,1.4
"86","USS0021B60S",1995-10-25,3.8,6.9,2.3
"87","USS0021B60S",1995-10-26,2.8,3.7,0.9
"88","USS0021B60S",1995-10-27,1.8,4.4,-0.1
"89","USS0021B60S",1995-10-28,1.5,4.6,-0.4
"90","USS0021B60S",1995-10-29,2.1,6.4,-0.4
"91","USS0021B60S",1995-10-30,1.1,5.3,-1.2
"92","USS0021B60S",1995-10-31,0,4,-2.1
"93","USS0021B60S",1995-11-01,-0.4,2.9,-3.1
"94","USS0021B60S",1995-11-02,0.6,5.5,-0.9
"95","USS0021B60S",1995-11-03,3.6,8.7,-1.3
"96","USS0021B60S",1995-11-04,3.6,7.5,-1.1
"97","USS0021B60S",1995-11-05,-0.2,0.5,-1.5
"98","USS0021B60S",1995-11-06,-0.6,2.7,-3.3
"99","USS0021B60S",1995-11-07,5.5,8,-0.2
"100","USS0021B60S",1995-11-08,5,8.3,-1.1
"101","USS0021B60S",1995-11-09,-1.2,-0.6,-1.6
"102","USS0021B60S",1995-11-10,0.8,6.8,-2
"103","USS0021B60S",1995-11-11,4.2,7.7,2
"104","USS0021B60S",1995-11-12,2.1,3.1,1.5
"105","USS0021B60S",1995-11-13,7.7,9.7,2.9
"106","USS0021B60S",1995-11-14,10.2,13.4,8.5
"107","USS0021B60S",1995-11-15,7.9,12.6,4.8
"108","USS0021B60S",1995-11-16,6.6,9.3,3.4
"109","USS0021B60S",1995-11-17,9.5,12.3,6.1
"110","USS0021B60S",1995-11-18,3.1,3.2,3.1
"111","USS0021B60S",1995-11-19,4.9,5,4.8
"112","USS0021B60S",1995-11-20,NA,NA,NA
"113","USS0021B60S",1995-11-21,NA,NA,NA
"114","USS0021B60S",1995-11-22,NA,NA,NA
"115","USS0021B60S",1995-11-23,NA,NA,NA
"116","USS0021B60S",1995-11-24,NA,NA,NA
"117","USS0021B60S",1995-11-25,NA,NA,NA
"118","USS0021B60S",1995-11-26,NA,NA,NA
"119","USS0021B60S",1995-11-27,1.8,5.4,-0.3
"120","USS0021B60S",1995-11-28,7,7.6,6.2
"121","USS0021B60S",1995-11-29,6.3,7.9,3.1
"122","USS0021B60S",1995-11-30,1.6,3,-0.2
"123","USS0021B60S",1995-12-01,-0.4,0.5,-1
"124","USS0021B60S",1995-12-02,-2,-0.7,-2.7
"125","USS0021B60S",1995-12-03,-0.3,3.1,-2
"126","USS0021B60S",1995-12-04,-4,-1.8,-5.4
"127","USS0021B60S",1995-12-05,-4.8,-1.2,-6.6
"128","USS0021B60S",1995-12-06,-3.4,-0.2,-6.4
"129","USS0021B60S",1995-12-07,-4.6,-0.8,-7.6
"130","USS0021B60S",1995-12-08,-4.8,-0.6,-8.1
"131","USS0021B60S",1995-12-09,2.9,5.4,-0.9
"132","USS0021B60S",1995-12-10,5.8,8.1,3.9
"133","USS0021B60S",1995-12-11,4.3,7.1,3.3
"134","USS0021B60S",1995-12-12,5,8.7,2.3
"135","USS0021B60S",1995-12-13,1.1,2.3,-0.1
"136","USS0021B60S",1995-12-14,0.7,2.6,-0.5
"137","USS0021B60S",1995-12-15,0.4,1.6,-0.2
"138","USS0021B60S",1995-12-16,0.4,3.2,-1.3
"139","USS0021B60S",1995-12-17,2.6,3.6,1.5
"140","USS0021B60S",1995-12-18,2.2,3.3,1.3
"141","USS0021B60S",1995-12-19,1.8,4.3,0.7
"142","USS0021B60S",1995-12-20,1.6,3.8,0.1
"143","USS0021B60S",1995-12-21,1.3,2.6,-0.1
"144","USS0021B60S",1995-12-22,1.3,3.3,-0.6
"145","USS0021B60S",1995-12-23,4.1,7.3,0
"146","USS0021B60S",1995-12-24,5.4,7.4,3.8
"147","USS0021B60S",1995-12-25,3.5,5.9,1.9
"148","USS0021B60S",1995-12-26,4.9,7.6,2.8
"149","USS0021B60S",1995-12-27,4.7,6.4,1.3
"150","USS0021B60S",1995-12-28,2.1,3.6,1
"151","USS0021B60S",1995-12-29,2.9,4.6,0.2
"152","USS0021B60S",1995-12-30,2.8,4.4,0.5
"153","USS0021B60S",1995-12-31,2.1,3.4,0.2
"154","USS0021B60S",1996-01-01,2.6,4.3,1.5
"155","USS0021B60S",1996-01-02,5,5.8,2.4
"156","USS0021B60S",1996-01-03,0.6,3.3,-1.1
"157","USS0021B60S",1996-01-04,-2,-1,-2.8
"158","USS0021B60S",1996-01-05,-1.5,2.1,-3.3
"159","USS0021B60S",1996-01-06,4.8,6.3,2.4
"160","USS0021B60S",1996-01-07,4.7,5.8,3.2
"161","USS0021B60S",1996-01-08,3.3,5.1,2.1
"162","USS0021B60S",1996-01-09,2.9,5.4,0.3
"163","USS0021B60S",1996-01-10,1,2.3,-0.2
"164","USS0021B60S",1996-01-11,4.6,8.9,0.5
"165","USS0021B60S",1996-01-12,6.8,9.9,0.1
"166","USS0021B60S",1996-01-13,2.5,4.1,0.1
"167","USS0021B60S",1996-01-14,4.4,5.7,3.1
"168","USS0021B60S",1996-01-15,2.3,5.8,-0.5
"169","USS0021B60S",1996-01-16,-3.1,-1,-4.8
"170","USS0021B60S",1996-01-17,-4.3,-1.8,-5.9
"171","USS0021B60S",1996-01-18,-4.1,-2.1,-7.2
"172","USS0021B60S",1996-01-19,-3.9,-2.4,-5
"173","USS0021B60S",1996-01-20,-1.7,-0.2,-3.4
"174","USS0021B60S",1996-01-21,-2.6,-1.2,-4.4
"175","USS0021B60S",1996-01-22,-3.7,-2.6,-4.3
"176","USS0021B60S",1996-01-23,-3.1,-2,-3.6
"177","USS0021B60S",1996-01-24,-3.6,-0.4,-5.2
"178","USS0021B60S",1996-01-25,-4.8,-1.1,-6.3
"179","USS0021B60S",1996-01-26,-4.9,-0.8,-6.6
"180","USS0021B60S",1996-01-27,-6.1,-0.8,-9.1
"181","USS0021B60S",1996-01-28,-7.4,-4.9,-9.9
"182","USS0021B60S",1996-01-29,-10.3,-4.8,-14.1
"183","USS0021B60S",1996-01-30,-11,-6.8,-14.2
"184","USS0021B60S",1996-01-31,-6.5,-2.2,-10.8
"185","USS0021B60S",1996-02-01,-5.4,0.7,-9.7
"186","USS0021B60S",1996-02-02,-5.1,-0.4,-9.8
"187","USS0021B60S",1996-02-03,1.4,6,-2
"188","USS0021B60S",1996-02-04,4.9,10.3,1.9
"189","USS0021B60S",1996-02-05,3.6,6,2
"190","USS0021B60S",1996-02-06,4.1,6.2,1.1
"191","USS0021B60S",1996-02-07,4.3,6.1,3.1
"192","USS0021B60S",1996-02-08,5.1,7.8,0
"193","USS0021B60S",1996-02-09,-1.1,2.8,-3.2
"194","USS0021B60S",1996-02-10,5.7,10,-1.1
"195","USS0021B60S",1996-02-11,9.1,13,6.6
"196","USS0021B60S",1996-02-12,12,17.6,8.1
"197","USS0021B60S",1996-02-13,11.7,16.7,8.7
"198","USS0021B60S",1996-02-14,10.7,17.4,8
"199","USS0021B60S",1996-02-15,12.4,16.7,10.1
"200","USS0021B60S",1996-02-16,8.1,13.2,6.3
"201","USS0021B60S",1996-02-17,5.7,8.2,4.3
"202","USS0021B60S",1996-02-18,3.3,5.5,-0.1
"203","USS0021B60S",1996-02-19,0.9,2.9,-0.2
"204","USS0021B60S",1996-02-20,0.9,4.9,-2.6
"205","USS0021B60S",1996-02-21,-2.1,4.1,-4.4
"206","USS0021B60S",1996-02-22,-3.7,-2,-5.2
"207","USS0021B60S",1996-02-23,-3.7,-1.3,-4.7
"208","USS0021B60S",1996-02-24,-3.9,1.3,-6.5
"209","USS0021B60S",1996-02-25,-4.1,4.3,-6.7
"210","USS0021B60S",1996-02-26,-5.4,2.9,-7.8
"211","USS0021B60S",1996-02-27,-7,-2.2,-8.8
"212","USS0021B60S",1996-02-28,-5,-0.8,-9.1
"213","USS0021B60S",1996-02-29,1,9.3,-5.3
"214","USS0021B60S",1996-03-01,3.4,13.1,0
"215","USS0021B60S",1996-03-02,3.7,13,0.4
"216","USS0021B60S",1996-03-03,1.5,2.7,0.3
"217","USS0021B60S",1996-03-04,2.2,7.7,-0.8
"218","USS0021B60S",1996-03-05,-0.1,3.1,-1.6
"219","USS0021B60S",1996-03-06,0.8,2.6,-0.3
"220","USS0021B60S",1996-03-07,3.6,5.2,1.8
"221","USS0021B60S",1996-03-08,9.3,15.5,4.4
"222","USS0021B60S",1996-03-09,8.6,11.5,5.8
"223","USS0021B60S",1996-03-10,5.8,8.8,4.9
"224","USS0021B60S",1996-03-11,4.2,6.5,1.9
"225","USS0021B60S",1996-03-12,1.3,4.1,0.1
"226","USS0021B60S",1996-03-13,2.7,8,-1.6
"227","USS0021B60S",1996-03-14,8.5,15.7,3.9
"228","USS0021B60S",1996-03-15,0.4,3.5,-1.2
"229","USS0021B60S",1996-03-16,0.1,3.1,-1.8
"230","USS0021B60S",1996-03-17,1.6,4.9,-0.6
"231","USS0021B60S",1996-03-18,7.2,13.4,1.5
"232","USS0021B60S",1996-03-19,1.1,5.3,-0.2
"233","USS0021B60S",1996-03-20,1.2,4.6,-1.5
"234","USS0021B60S",1996-03-21,3,10.1,-0.5
"235","USS0021B60S",1996-03-22,-0.3,1,-1.2
"236","USS0021B60S",1996-03-23,-0.3,2.6,-2.1
"237","USS0021B60S",1996-03-24,-1.9,4.9,-4.5
"238","USS0021B60S",1996-03-25,0.8,9.6,-5.5
"239","USS0021B60S",1996-03-26,1.5,7.2,-2.2
"240","USS0021B60S",1996-03-27,-0.2,4.2,-3
"241","USS0021B60S",1996-03-28,1,5.7,-3.1
"242","USS0021B60S",1996-03-29,-2,-0.2,-2.8
"243","USS0021B60S",1996-03-30,-0.4,4.3,-2.6
"244","USS0021B60S",1996-03-31,2.4,6.9,-1
"245","USS0021B60S",1996-04-01,2.6,7.3,-0.3
"246","USS0021B60S",1996-04-02,-0.7,6.5,-3.4
"247","USS0021B60S",1996-04-03,2.5,9.4,-2.2
"248","USS0021B60S",1996-04-04,8.3,14.3,2.8
"249","USS0021B60S",1996-04-05,10.9,16.1,7.1
"250","USS0021B60S",1996-04-06,8,10.1,5.3
"251","USS0021B60S",1996-04-07,13.6,20.7,8.8
"252","USS0021B60S",1996-04-08,12.2,17.2,9
"253","USS0021B60S",1996-04-09,6.8,9.8,3.4
"254","USS0021B60S",1996-04-10,2.5,3.9,1
"255","USS0021B60S",1996-04-11,1.8,5,-0.2
"256","USS0021B60S",1996-04-12,0.1,2.6,-0.8
"257","USS0021B60S",1996-04-13,3.9,11.2,-0.2
"258","USS0021B60S",1996-04-14,9.6,15.5,5.4
"259","USS0021B60S",1996-04-15,8.3,13.4,2.1
"260","USS0021B60S",1996-04-16,3,7.2,0.3
"261","USS0021B60S",1996-04-17,1.5,8.5,-0.8
"262","USS0021B60S",1996-04-18,0,2.1,-1.1
"263","USS0021B60S",1996-04-19,1.9,10.8,-1
"264","USS0021B60S",1996-04-20,2.9,10.3,-1
"265","USS0021B60S",1996-04-21,5.8,12.1,-0.8
"266","USS0021B60S",1996-04-22,4.5,7.2,3.1
"267","USS0021B60S",1996-04-23,5.2,8.2,0.4
"268","USS0021B60S",1996-04-24,1.3,3.6,-0.1
"269","USS0021B60S",1996-04-25,0.9,2.8,0
"270","USS0021B60S",1996-04-26,0,2.3,-0.7
"271","USS0021B60S",1996-04-27,1.9,8.7,-1.1
"272","USS0021B60S",1996-04-28,5.5,11.3,-0.6
"273","USS0021B60S",1996-04-29,5.6,9.8,2.5
"274","USS0021B60S",1996-04-30,2.8,8.7,-0.2
"275","USS0021B60S",1996-05-01,0.8,4.3,-1.4
"276","USS0021B60S",1996-05-02,0.2,6.7,-2.3
"277","USS0021B60S",1996-05-03,0.8,6.6,-2.1
"278","USS0021B60S",1996-05-04,2.5,9.1,-2
"279","USS0021B60S",1996-05-05,4.8,11.5,-0.6
"280","USS0021B60S",1996-05-06,3.2,10.5,-0.2
"281","USS0021B60S",1996-05-07,-0.3,4.9,-1.3
"282","USS0021B60S",1996-05-08,1.2,7.3,-1.5
"283","USS0021B60S",1996-05-09,3,10.6,-2
"284","USS0021B60S",1996-05-10,3.9,9.1,-0.3
"285","USS0021B60S",1996-05-11,6.3,9.6,3.1
"286","USS0021B60S",1996-05-12,10.3,15.3,7.8
"287","USS0021B60S",1996-05-13,7.6,8.8,5.9
"288","USS0021B60S",1996-05-14,6.2,9,5.3
"289","USS0021B60S",1996-05-15,5.2,9.1,3.3
"290","USS0021B60S",1996-05-16,6.1,8.7,1.5
"291","USS0021B60S",1996-05-17,6.1,12.4,3.7
"292","USS0021B60S",1996-05-18,3.8,8.3,2.3
"293","USS0021B60S",1996-05-19,2.5,5.6,1.2
"294","USS0021B60S",1996-05-20,3.2,7.9,-0.7
"295","USS0021B60S",1996-05-21,4.1,6.4,2.1
"296","USS0021B60S",1996-05-22,0.2,2,-1.1
"297","USS0021B60S",1996-05-23,3.5,9.1,-0.7
"298","USS0021B60S",1996-05-24,11.2,18.8,3.6
"299","USS0021B60S",1996-05-25,12.8,18.5,6.2
"300","USS0021B60S",1996-05-26,8.8,14.2,4.2
"301","USS0021B60S",1996-05-27,4.2,6.8,2
"302","USS0021B60S",1996-05-28,3.3,5.8,1.3
"303","USS0021B60S",1996-05-29,3.1,4.5,1.7
"304","USS0021B60S",1996-05-30,3.9,5.4,2
"305","USS0021B60S",1996-05-31,8.1,14.9,3.9
"306","USS0021B60S",1996-06-01,13.8,18.7,7.1
"307","USS0021B60S",1996-06-02,19.7,25.7,13.5
"308","USS0021B60S",1996-06-03,15.2,20.4,8.4
"309","USS0021B60S",1996-06-04,6.4,8.6,4.9
"310","USS0021B60S",1996-06-05,10.7,17.8,4
"311","USS0021B60S",1996-06-06,16.6,22.7,9.7
"312","USS0021B60S",1996-06-07,9.5,14.3,6.9
"313","USS0021B60S",1996-06-08,9.2,15.7,5
"314","USS0021B60S",1996-06-09,7.2,10.9,4.8
"315","USS0021B60S",1996-06-10,8.4,15.7,4
"316","USS0021B60S",1996-06-11,7,13.3,2.9
"317","USS0021B60S",1996-06-12,11.4,19.2,4.4
"318","USS0021B60S",1996-06-13,9.7,14.5,6.5
"319","USS0021B60S",1996-06-14,10.5,17.9,5.1
"320","USS0021B60S",1996-06-15,9.7,15.4,5.7
"321","USS0021B60S",1996-06-16,7.2,12.1,2.8
"322","USS0021B60S",1996-06-17,3.5,10.4,1
"323","USS0021B60S",1996-06-18,4.6,11.4,1.3
"324","USS0021B60S",1996-06-19,9.8,16.3,3.9
"325","USS0021B60S",1996-06-20,12.6,18.9,6.7
"326","USS0021B60S",1996-06-21,10.5,16.5,5.9
"327","USS0021B60S",1996-06-22,6.2,7.9,5.1
"328","USS0021B60S",1996-06-23,8,12.9,6
"329","USS0021B60S",1996-06-24,8.1,13.2,5.8
"330","USS0021B60S",1996-06-25,10,15.7,6.9
"331","USS0021B60S",1996-06-26,11.6,17.8,7
"332","USS0021B60S",1996-06-27,8,10.5,6.5
"333","USS0021B60S",1996-06-28,6.2,9.4,4.6
"334","USS0021B60S",1996-06-29,10.8,17,5.8
"335","USS0021B60S",1996-06-30,14.5,21.3,8.2
"336","USS0021B60S",1996-07-01,15.8,22.1,9.8
"337","USS0021B60S",1996-07-02,15.5,23.1,10.5
"338","USS0021B60S",1996-07-03,11.3,15.5,8.5
"339","USS0021B60S",1996-07-04,6.9,9.9,3.7
"340","USS0021B60S",1996-07-05,9.1,15.7,2.8
"341","USS0021B60S",1996-07-06,14.1,21.7,6.2
"342","USS0021B60S",1996-07-07,19.7,26.1,12.3
"343","USS0021B60S",1996-07-08,19.6,25.3,11.3
"344","USS0021B60S",1996-07-09,9,13.7,6.6
"345","USS0021B60S",1996-07-10,13,19.9,6.3
"346","USS0021B60S",1996-07-11,18.7,26,10.1
"347","USS0021B60S",1996-07-12,21,27.9,15
"348","USS0021B60S",1996-07-13,23.2,29.4,15.8
"349","USS0021B60S",1996-07-14,25,31.4,19.1
"350","USS0021B60S",1996-07-15,19.1,25,10.5
"351","USS0021B60S",1996-07-16,10.3,17,7.5
"352","USS0021B60S",1996-07-17,6.1,8.7,5.1
"353","USS0021B60S",1996-07-18,6.4,10.9,4.2
"354","USS0021B60S",1996-07-19,6.4,7.2,5.1
"355","USS0021B60S",1996-07-20,9.3,11.6,7.2
"356","USS0021B60S",1996-07-21,13.2,20.1,7.8
"357","USS0021B60S",1996-07-22,20.6,26.3,12.2
"358","USS0021B60S",1996-07-23,23,27.9,18
"359","USS0021B60S",1996-07-24,22.4,29.4,17.2
"360","USS0021B60S",1996-07-25,22.5,29.6,16.3
"361","USS0021B60S",1996-07-26,24.3,29.9,18
"362","USS0021B60S",1996-07-27,22.3,28.6,16.8
"363","USS0021B60S",1996-07-28,21.9,27.2,18.4
"364","USS0021B60S",1996-07-29,20.8,26.9,14.8
"365","USS0021B60S",1996-07-30,16.1,21.8,11.6
"366","USS0021B60S",1996-07-31,14.7,22.1,8.2
"367","USS0021B60S",1996-08-01,13,19.2,7.8
"368","USS0021B60S",1996-08-02,7.8,9,6.1
"369","USS0021B60S",1996-08-03,7.3,10.3,5.1
"370","USS0021B60S",1996-08-04,7.7,9.5,6.1
"371","USS0021B60S",1996-08-05,8,12.6,4.1
"372","USS0021B60S",1996-08-06,12.6,20.3,6.6
"373","USS0021B60S",1996-08-07,18.2,24.8,10.4
"374","USS0021B60S",1996-08-08,21.7,27.9,17.1
"375","USS0021B60S",1996-08-09,22.5,28.5,15.9
"376","USS0021B60S",1996-08-10,24,29.4,19.6
"377","USS0021B60S",1996-08-11,13.2,19.3,9.3
"378","USS0021B60S",1996-08-12,NA,NA,NA
"379","USS0021B60S",1996-08-13,21.7,27.7,15.9
"380","USS0021B60S",1996-08-14,18.1,24.2,10.7
"381","USS0021B60S",1996-08-15,15.1,21.8,9.5
"382","USS0021B60S",1996-08-16,11.3,15.1,8.3
"383","USS0021B60S",1996-08-17,8.9,14.6,5.2
"384","USS0021B60S",1996-08-18,8.6,12.8,5.5
"385","USS0021B60S",1996-08-19,10.8,16.7,6.5
"386","USS0021B60S",1996-08-20,8.8,11.7,6.9
"387","USS0021B60S",1996-08-21,12.4,18,6.6
"388","USS0021B60S",1996-08-22,17.7,25.1,10.3
"389","USS0021B60S",1996-08-23,21.2,27.4,17.1
"390","USS0021B60S",1996-08-24,24.1,30.3,18.5
"391","USS0021B60S",1996-08-25,27.4,32.9,23.1
"392","USS0021B60S",1996-08-26,21.8,29.5,12.9
"393","USS0021B60S",1996-08-27,11.5,14.7,9.9
"394","USS0021B60S",1996-08-28,14.9,20.9,9.7
"395","USS0021B60S",1996-08-29,22.5,29.9,15.7
"396","USS0021B60S",1996-08-30,12,15.4,9.7
"397","USS0021B60S",1996-08-31,9.2,13.7,6.2
"398","USS0021B60S",1996-09-01,10.2,15.8,6.4
"399","USS0021B60S",1996-09-02,11.2,18.1,6.4
"400","USS0021B60S",1996-09-03,8.1,11.4,5
"401","USS0021B60S",1996-09-04,6.8,13,4.2
"402","USS0021B60S",1996-09-05,6.1,8.1,4.2
"403","USS0021B60S",1996-09-06,8.2,11.7,5.5
"404","USS0021B60S",1996-09-07,10.1,13.2,6.7
"405","USS0021B60S",1996-09-08,10.6,12.4,9.5
"406","USS0021B60S",1996-09-09,9.9,16.1,7.4
"407","USS0021B60S",1996-09-10,18.4,25.6,9.8
"408","USS0021B60S",1996-09-11,19.5,27.6,12.1
"409","USS0021B60S",1996-09-12,10.2,15,8.7
"410","USS0021B60S",1996-09-13,8.6,10.2,7.7
"411","USS0021B60S",1996-09-14,8.3,11.6,7.1
"412","USS0021B60S",1996-09-15,5.8,8.7,4.6
"413","USS0021B60S",1996-09-16,6.2,9.6,4.6
"414","USS0021B60S",1996-09-17,6.6,10.2,4.3
"415","USS0021B60S",1996-09-18,6.9,10.8,4
"416","USS0021B60S",1996-09-19,6.5,8.9,4.7
"417","USS0021B60S",1996-09-20,4.6,7.3,3.5
"418","USS0021B60S",1996-09-21,3.2,5.1,1.7
"419","USS0021B60S",1996-09-22,3.3,7.3,1
"420","USS0021B60S",1996-09-23,8,13.8,3.5
"421","USS0021B60S",1996-09-24,9.2,15.7,6
"422","USS0021B60S",1996-09-25,9.5,15.7,7.5
"423","USS0021B60S",1996-09-26,12.5,18.8,7.9
"424","USS0021B60S",1996-09-27,14.8,21.2,11.4
"425","USS0021B60S",1996-09-28,13.7,19.6,10.5
"426","USS0021B60S",1996-09-29,12.4,18.8,9.1
"427","USS0021B60S",1996-09-30,8.6,13.3,5.5
"428","USS0021B60S",1996-10-01,10.2,16.1,4.3
"429","USS0021B60S",1996-10-02,13.7,17.8,10
"430","USS0021B60S",1996-10-03,11.6,14.4,9.2
"431","USS0021B60S",1996-10-04,10.4,12.7,6
"432","USS0021B60S",1996-10-05,6.8,10.7,3.3
"433","USS0021B60S",1996-10-06,12.1,18.2,7.8
"434","USS0021B60S",1996-10-07,12.8,16.5,9.9
"435","USS0021B60S",1996-10-08,15.7,24.3,9.6
"436","USS0021B60S",1996-10-09,19.6,24.8,17.3
"437","USS0021B60S",1996-10-10,9.9,18.5,8.2
"438","USS0021B60S",1996-10-11,7,8.4,3.3
"439","USS0021B60S",1996-10-12,7.3,13.6,3.3
"440","USS0021B60S",1996-10-13,4.5,6.5,3.4
"441","USS0021B60S",1996-10-14,4.2,6.4,2.9
"442","USS0021B60S",1996-10-15,1.1,3,-0.7
"443","USS0021B60S",1996-10-16,0.4,5.5,-1.5
"444","USS0021B60S",1996-10-17,1.4,3.2,-0.5
"445","USS0021B60S",1996-10-18,1,3.5,-1.4
"446","USS0021B60S",1996-10-19,-1,2.8,-2.2
"447","USS0021B60S",1996-10-20,0.3,8.7,-3.6
"448","USS0021B60S",1996-10-21,3.8,5.6,1.2
"449","USS0021B60S",1996-10-22,2.7,5.1,0.9
"450","USS0021B60S",1996-10-23,1.5,4.8,0.1
"451","USS0021B60S",1996-10-24,1.4,4.7,-0.9
"452","USS0021B60S",1996-10-25,0.6,3.1,-0.6
"453","USS0021B60S",1996-10-26,1,6.3,-2.8
"454","USS0021B60S",1996-10-27,4.6,9.5,1.7
"455","USS0021B60S",1996-10-28,5.1,7.3,2.2
"456","USS0021B60S",1996-10-29,3.2,5.3,2.1
"457","USS0021B60S",1996-10-30,4,7.5,2.2
"458","USS0021B60S",1996-10-31,4.3,8.8,1.7
"459","USS0021B60S",1996-11-01,8.3,13.2,4.7
"460","USS0021B60S",1996-11-02,7,11.3,2.3
"461","USS0021B60S",1996-11-03,1.2,2.9,-0.4
"462","USS0021B60S",1996-11-04,-0.3,2.2,-1.4
"463","USS0021B60S",1996-11-05,-0.4,0.9,-1.6
"464","USS0021B60S",1996-11-06,0.4,1.9,-1.9
"465","USS0021B60S",1996-11-07,1,5.1,-2.7
"466","USS0021B60S",1996-11-08,5.7,7,5
"467","USS0021B60S",1996-11-09,11.6,16,6.9
"468","USS0021B60S",1996-11-10,13.5,17.7,11.4
"469","USS0021B60S",1996-11-11,12.5,15.3,7.8
"470","USS0021B60S",1996-11-12,7.7,9.6,5.9
"471","USS0021B60S",1996-11-13,2.6,6.4,0.6
"472","USS0021B60S",1996-11-14,0.9,2.7,-0.3
"473","USS0021B60S",1996-11-15,-0.3,0.8,-0.9
"474","USS0021B60S",1996-11-16,-1.4,-0.2,-3.1
"475","USS0021B60S",1996-11-17,-2.8,-1,-3.9
"476","USS0021B60S",1996-11-18,-2.7,0,-3.7
"477","USS0021B60S",1996-11-19,-4,-0.8,-7
"478","USS0021B60S",1996-11-20,-3.5,-1.6,-5.6
"479","USS0021B60S",1996-11-21,-1.3,2.4,-4
"480","USS0021B60S",1996-11-22,-5.2,-1.9,-9.5
"481","USS0021B60S",1996-11-23,0.1,5,-6.8
"482","USS0021B60S",1996-11-24,1.8,4,-0.1
"483","USS0021B60S",1996-11-25,0.4,1.3,-0.3
"484","USS0021B60S",1996-11-26,2.4,5.9,0
"485","USS0021B60S",1996-11-27,4.5,6.6,1.4
"486","USS0021B60S",1996-11-28,-0.2,1.3,-0.8
"487","USS0021B60S",1996-11-29,-0.5,0.8,-1.5
"488","USS0021B60S",1996-11-30,2.4,4.7,0.4
"489","USS0021B60S",1996-12-01,-2.1,0.3,-3.6
"490","USS0021B60S",1996-12-02,-3,-1.9,-4.2
"491","USS0021B60S",1996-12-03,-3.7,-1.6,-5.5
"492","USS0021B60S",1996-12-04,0.1,2.5,-3
"493","USS0021B60S",1996-12-05,-1.6,-0.8,-2.1
"494","USS0021B60S",1996-12-06,-1.9,-1.2,-2.7
"495","USS0021B60S",1996-12-07,0,1.8,-1.8
"496","USS0021B60S",1996-12-08,-0.1,1.5,-0.6
"497","USS0021B60S",1996-12-09,1.2,3.5,-0.9
"498","USS0021B60S",1996-12-10,0.3,3.5,-2
"499","USS0021B60S",1996-12-11,-0.7,1.2,-2.1
"500","USS0021B60S",1996-12-12,-0.3,1.7,-2.1
"501","USS0021B60S",1996-12-13,-1,1.3,-2.1
"502","USS0021B60S",1996-12-14,-0.5,2.8,-3.6
"503","USS0021B60S",1996-12-15,0.5,2.4,-2.8
"504","USS0021B60S",1996-12-16,-1.3,0.5,-3.5
"505","USS0021B60S",1996-12-17,1.3,5.6,-1.7
"506","USS0021B60S",1996-12-18,4.4,7.9,-0.6
"507","USS0021B60S",1996-12-19,1.1,4.6,-1.9
"508","USS0021B60S",1996-12-20,-1.2,0.8,-2.7
"509","USS0021B60S",1996-12-21,-2.5,-0.2,-4.1
"510","USS0021B60S",1996-12-22,-2.1,0.1,-3.3
"511","USS0021B60S",1996-12-23,-2.8,-1.4,-3.4
"512","USS0021B60S",1996-12-24,-1.3,0.6,-3.3
"513","USS0021B60S",1996-12-25,-3.9,-1,-7.5
"514","USS0021B60S",1996-12-26,-1.2,1,-5.9
"515","USS0021B60S",1996-12-27,-5.5,-0.4,-8.8
"516","USS0021B60S",1996-12-28,-6.5,-4.4,-7.7
"517","USS0021B60S",1996-12-29,0.9,4.7,-4.7
"518","USS0021B60S",1996-12-30,3.8,5.8,2.7
"519","USS0021B60S",1996-12-31,3.8,5.9,2.6
"520","USS0021B60S",1997-01-01,3.1,5.6,0.5
"521","USS0021B60S",1997-01-02,1.6,3.5,-1.6
"522","USS0021B60S",1997-01-03,-2.2,-1,-3.1
"523","USS0021B60S",1997-01-04,-2.2,0,-3.4
"524","USS0021B60S",1997-01-05,-2.6,0.1,-3.8
"525","USS0021B60S",1997-01-06,NA,NA,NA
"526","USS0021B60S",1997-01-07,1.3,2,0.4
"527","USS0021B60S",1997-01-08,1.2,4.8,0.1
"528","USS0021B60S",1997-01-09,2.6,6.4,0.8
"529","USS0021B60S",1997-01-10,2,4.9,1.1
"530","USS0021B60S",1997-01-11,0.7,2.9,-3.7
"531","USS0021B60S",1997-01-12,-4.9,-3,-7
"532","USS0021B60S",1997-01-13,-1.8,-0.2,-3.1
"533","USS0021B60S",1997-01-14,-0.4,1.7,-2.5
"534","USS0021B60S",1997-01-15,1.6,3.9,-0.3
"535","USS0021B60S",1997-01-16,3.6,6.4,0.1
"536","USS0021B60S",1997-01-17,3.5,5,1.8
"537","USS0021B60S",1997-01-18,5.5,8.7,1.8
"538","USS0021B60S",1997-01-19,4.6,6.8,3
"539","USS0021B60S",1997-01-20,1,3.2,-1
"540","USS0021B60S",1997-01-21,0.3,4.7,-1.8
"541","USS0021B60S",1997-01-22,-2.1,-1.3,-2.5
"542","USS0021B60S",1997-01-23,-3.1,-2.3,-3.9
"543","USS0021B60S",1997-01-24,-5,-2.3,-7.3
"544","USS0021B60S",1997-01-25,-6.9,-2.5,-10.9
"545","USS0021B60S",1997-01-26,-5.5,-0.2,-10.7
"546","USS0021B60S",1997-01-27,1.3,2.8,-0.9
"547","USS0021B60S",1997-01-28,2.8,3.5,1.5
"548","USS0021B60S",1997-01-29,5,7.7,2.4
"549","USS0021B60S",1997-01-30,4.3,7.3,2.7
"550","USS0021B60S",1997-01-31,3.3,8.6,-0.5
"551","USS0021B60S",1997-02-01,0.2,2.8,-1.2
"552","USS0021B60S",1997-02-02,-1.7,0.6,-3
"553","USS0021B60S",1997-02-03,-0.2,2.7,-2.8
"554","USS0021B60S",1997-02-04,0.1,6.5,-3.5
"555","USS0021B60S",1997-02-05,1.7,8.6,-1.4
"556","USS0021B60S",1997-02-06,2.6,10.7,-0.7
"557","USS0021B60S",1997-02-07,-0.9,6.5,-5.6
"558","USS0021B60S",1997-02-08,-2.6,4.9,-6.9
"559","USS0021B60S",1997-02-09,0.3,5,-3.5
"560","USS0021B60S",1997-02-10,2.1,8.2,-0.2
"561","USS0021B60S",1997-02-11,0.3,2.7,-1.4
"562","USS0021B60S",1997-02-12,-1.1,-0.4,-1.7
"563","USS0021B60S",1997-02-13,0.1,2.2,-2.2
"564","USS0021B60S",1997-02-14,3.1,3.9,1.6
"565","USS0021B60S",1997-02-15,5.5,10.3,3.1
"566","USS0021B60S",1997-02-16,9.6,16.5,2.6
"567","USS0021B60S",1997-02-17,0.5,3.5,-0.3
"568","USS0021B60S",1997-02-18,-0.2,1.1,-1.3
"569","USS0021B60S",1997-02-19,-0.8,1,-1.8
"570","USS0021B60S",1997-02-20,-1.4,1,-2.6
"571","USS0021B60S",1997-02-21,-0.3,7.5,-3.8
"572","USS0021B60S",1997-02-22,1.4,11.2,-3.2
"573","USS0021B60S",1997-02-23,4.5,13.1,-0.4
"574","USS0021B60S",1997-02-24,6.4,14.6,3.5
"575","USS0021B60S",1997-02-25,3.7,10.2,0.9
"576","USS0021B60S",1997-02-26,-1.2,0.9,-2.9
"577","USS0021B60S",1997-02-27,-1.7,5.1,-4.2
"578","USS0021B60S",1997-02-28,-2.3,2.1,-5.5
"579","USS0021B60S",1997-03-01,-1,0.2,-2
"580","USS0021B60S",1997-03-02,-1.9,-0.3,-3.1
"581","USS0021B60S",1997-03-03,-2.7,1.6,-4.4
"582","USS0021B60S",1997-03-04,-3.1,0.7,-4.7
"583","USS0021B60S",1997-03-05,0.1,5.6,-2.7
"584","USS0021B60S",1997-03-06,0.1,1.4,-0.6
"585","USS0021B60S",1997-03-07,-1.2,0.4,-2.7
"586","USS0021B60S",1997-03-08,0,8.8,-4.3
"587","USS0021B60S",1997-03-09,0.8,2.5,-1
"588","USS0021B60S",1997-03-10,-0.1,7.7,-2.5
"589","USS0021B60S",1997-03-11,-1.4,4.2,-4.3
"590","USS0021B60S",1997-03-12,-3.2,-0.2,-4.4
"591","USS0021B60S",1997-03-13,-2.5,2,-4.5
"592","USS0021B60S",1997-03-14,-1.1,9.8,-5.1
"593","USS0021B60S",1997-03-15,0.1,3.9,-3.5
"594","USS0021B60S",1997-03-16,1.7,6.6,-2.3
"595","USS0021B60S",1997-03-17,2.7,6.1,0.8
"596","USS0021B60S",1997-03-18,5.9,7.9,2.9
"597","USS0021B60S",1997-03-19,5.6,7.8,3.3
"598","USS0021B60S",1997-03-20,1.1,4.1,-1.9
"599","USS0021B60S",1997-03-21,1.8,8.5,-3.2
"600","USS0021B60S",1997-03-22,5.2,11.6,0.3
"601","USS0021B60S",1997-03-23,1.1,4.3,-1.5
"602","USS0021B60S",1997-03-24,4.7,11.4,-1.7
"603","USS0021B60S",1997-03-25,7.5,16,4.1
"604","USS0021B60S",1997-03-26,1.6,7.1,-2
"605","USS0021B60S",1997-03-27,-0.2,5.1,-2.5
"606","USS0021B60S",1997-03-28,-1.2,2.9,-2.5
"607","USS0021B60S",1997-03-29,3.5,9.4,-2.7
"608","USS0021B60S",1997-03-30,4.9,15.2,-2
"609","USS0021B60S",1997-03-31,-2.2,-0.4,-3
"610","USS0021B60S",1997-04-01,-0.5,8.1,-3.1
"611","USS0021B60S",1997-04-02,2.9,12.4,-3.5
"612","USS0021B60S",1997-04-03,-1.2,1.5,-5.4
"613","USS0021B60S",1997-04-04,0.6,10.5,-6
"614","USS0021B60S",1997-04-05,4.1,13.3,-0.2
"615","USS0021B60S",1997-04-06,5.8,14.2,-0.3
"616","USS0021B60S",1997-04-07,3.6,12.6,-1.2
"617","USS0021B60S",1997-04-08,2,7.4,-0.1
"618","USS0021B60S",1997-04-09,2,6.2,0.3
"619","USS0021B60S",1997-04-10,1.9,7.2,-0.2
"620","USS0021B60S",1997-04-11,4.3,12.6,-1.3
"621","USS0021B60S",1997-04-12,5.9,13,0.9
"622","USS0021B60S",1997-04-13,0.7,3.7,-0.5
"623","USS0021B60S",1997-04-14,2.1,6.7,-0.3
"624","USS0021B60S",1997-04-15,6.6,9.6,2.5
"625","USS0021B60S",1997-04-16,5.4,9.6,1.6
"626","USS0021B60S",1997-04-17,3.7,10.5,1.1
"627","USS0021B60S",1997-04-18,5,10.5,2.7
"628","USS0021B60S",1997-04-19,5.2,6.6,3.6
"629","USS0021B60S",1997-04-20,1.9,5.8,-0.5
"630","USS0021B60S",1997-04-21,6.1,14.4,-0.8
"631","USS0021B60S",1997-04-22,7.2,14.3,1.8
"632","USS0021B60S",1997-04-23,2.3,7.1,0.4
"633","USS0021B60S",1997-04-24,3.7,9.2,0.7
"634","USS0021B60S",1997-04-25,6.8,14,2.5
"635","USS0021B60S",1997-04-26,11,19.3,2.4
"636","USS0021B60S",1997-04-27,1.3,5,-0.7
"637","USS0021B60S",1997-04-28,2.4,7.6,0
"638","USS0021B60S",1997-04-29,1.9,7.3,0.1
"639","USS0021B60S",1997-04-30,0.3,3.6,-1.9
"640","USS0021B60S",1997-05-01,1.4,12.2,-2.1
"641","USS0021B60S",1997-05-02,5.1,11.4,-1.4
"642","USS0021B60S",1997-05-03,2.2,5.8,0
"643","USS0021B60S",1997-05-04,3.7,11.4,-0.1
"644","USS0021B60S",1997-05-05,5.1,11.6,1.9
"645","USS0021B60S",1997-05-06,0.8,2.8,-1
"646","USS0021B60S",1997-05-07,7,14.8,-1.6
"647","USS0021B60S",1997-05-08,10.5,18.1,5.4
"648","USS0021B60S",1997-05-09,9.9,18.4,4.9
"649","USS0021B60S",1997-05-10,12.8,22.2,4.2
"650","USS0021B60S",1997-05-11,16.7,24,10
"651","USS0021B60S",1997-05-12,16.3,24.5,8.8
"652","USS0021B60S",1997-05-13,13.9,21,6.3
"653","USS0021B60S",1997-05-14,13.3,22.1,8.2
"654","USS0021B60S",1997-05-15,11.6,22.5,7.5
"655","USS0021B60S",1997-05-16,11.1,18.5,6.2
"656","USS0021B60S",1997-05-17,7.4,12.4,4
"657","USS0021B60S",1997-05-18,11.8,18,4.6
"658","USS0021B60S",1997-05-19,9,15.9,1.3
"659","USS0021B60S",1997-05-20,2,5.6,-0.2
"660","USS0021B60S",1997-05-21,5.3,13.1,1.7
"661","USS0021B60S",1997-05-22,6.4,12.9,1.5
"662","USS0021B60S",1997-05-23,3.3,7,1.7
"663","USS0021B60S",1997-05-24,3.1,5.4,1.3
"664","USS0021B60S",1997-05-25,3.1,4.3,2.3
"665","USS0021B60S",1997-05-26,6.3,12.5,2.8
"666","USS0021B60S",1997-05-27,8.7,12.1,6.6
"667","USS0021B60S",1997-05-28,10.1,16.1,7.2
"668","USS0021B60S",1997-05-29,8.6,11.4,6.9
"669","USS0021B60S",1997-05-30,8.9,11.5,7.1
"670","USS0021B60S",1997-05-31,6.5,9.4,3.8
"671","USS0021B60S",1997-06-01,3.3,7.2,2
"672","USS0021B60S",1997-06-02,8.6,16.4,2.1
"673","USS0021B60S",1997-06-03,6.7,11,3
"674","USS0021B60S",1997-06-04,4.2,9,2.3
"675","USS0021B60S",1997-06-05,5.7,11.7,2
"676","USS0021B60S",1997-06-06,9.7,15.9,4.8
"677","USS0021B60S",1997-06-07,6.7,8.4,5.3
"678","USS0021B60S",1997-06-08,8.8,15.2,3.9
"679","USS0021B60S",1997-06-09,13.1,20.4,5.6
"680","USS0021B60S",1997-06-10,15.4,20.8,9.8
"681","USS0021B60S",1997-06-11,11,17.6,5.4
"682","USS0021B60S",1997-06-12,6.4,9.4,4.7
"683","USS0021B60S",1997-06-13,9.7,14.7,6.3
"684","USS0021B60S",1997-06-14,12.7,18.4,7.5
"685","USS0021B60S",1997-06-15,13.8,20.1,9.7
"686","USS0021B60S",1997-06-16,10.5,12.5,8.9
"687","USS0021B60S",1997-06-17,10.3,13.1,7.3
"688","USS0021B60S",1997-06-18,6.3,9.2,4.3
"689","USS0021B60S",1997-06-19,5.8,9.3,4.1
"690","USS0021B60S",1997-06-20,8,14.8,2.7
"691","USS0021B60S",1997-06-21,5.6,9.1,3.7
"692","USS0021B60S",1997-06-22,5.9,9.1,4.2
"693","USS0021B60S",1997-06-23,5.8,7.2,4.1
"694","USS0021B60S",1997-06-24,8.7,14.8,5
"695","USS0021B60S",1997-06-25,11.6,15,5.6
"696","USS0021B60S",1997-06-26,7.5,11.7,4.7
"697","USS0021B60S",1997-06-27,9.3,15.3,6.1
"698","USS0021B60S",1997-06-28,9.8,14.2,6.6
"699","USS0021B60S",1997-06-29,8.3,13,6.4
"700","USS0021B60S",1997-06-30,8.8,11.3,5.9
"701","USS0021B60S",1997-07-01,7.3,8.5,5.8
"702","USS0021B60S",1997-07-02,10.3,14.3,6.5
"703","USS0021B60S",1997-07-03,17.5,24.4,8.7
"704","USS0021B60S",1997-07-04,22.6,29.4,16.9
"705","USS0021B60S",1997-07-05,13.7,20.2,10.1
"706","USS0021B60S",1997-07-06,NA,NA,NA
"707","USS0021B60S",1997-07-07,11,14.8,7.2
"708","USS0021B60S",1997-07-08,11.1,12,10.1
"709","USS0021B60S",1997-07-09,7.7,10.9,5.4
"710","USS0021B60S",1997-07-10,6.9,9.7,5.5
"711","USS0021B60S",1997-07-11,8.7,12.4,6.5
"712","USS0021B60S",1997-07-12,11,15.3,7.8
"713","USS0021B60S",1997-07-13,14.2,21.8,8.4
"714","USS0021B60S",1997-07-14,15.6,21.4,10.8
"715","USS0021B60S",1997-07-15,11.4,12.9,9.7
"716","USS0021B60S",1997-07-16,13.6,20.4,8.9
"717","USS0021B60S",1997-07-17,13.6,18.9,10.2
"718","USS0021B60S",1997-07-18,12.2,18.1,8.3
"719","USS0021B60S",1997-07-19,18.1,24.7,10
"720","USS0021B60S",1997-07-20,21.4,27.5,13.9
"721","USS0021B60S",1997-07-21,11.7,15.7,9.8
"722","USS0021B60S",1997-07-22,10.7,16.8,8.3
"723","USS0021B60S",1997-07-23,13.2,18.7,7.5
"724","USS0021B60S",1997-07-24,13,18.8,8.4
"725","USS0021B60S",1997-07-25,13,19.6,7.1
"726","USS0021B60S",1997-07-26,14.1,20.5,8.1
"727","USS0021B60S",1997-07-27,17.8,25.1,11.2
"728","USS0021B60S",1997-07-28,17.6,23.2,12.8
"729","USS0021B60S",1997-07-29,13,16,10.4
"730","USS0021B60S",1997-07-30,12.6,18.9,9.1
"731","USS0021B60S",1997-07-31,14,20.5,9.1
"732","USS0021B60S",1997-08-01,15.8,22,10.4
"733","USS0021B60S",1997-08-02,16,22.9,10
"734","USS0021B60S",1997-08-03,18.6,26.2,12.2
"735","USS0021B60S",1997-08-04,18.2,25.7,11.4
"736","USS0021B60S",1997-08-05,18.9,25,12.9
"737","USS0021B60S",1997-08-06,17.8,23.2,11.9
"738","USS0021B60S",1997-08-07,14.7,20.8,10.5
"739","USS0021B60S",1997-08-08,12.6,18.1,8.3
"740","USS0021B60S",1997-08-09,18.3,25,12.4
"741","USS0021B60S",1997-08-10,20.3,25.6,15.6
"742","USS0021B60S",1997-08-11,19.9,26.5,15
"743","USS0021B60S",1997-08-12,20.9,27.7,15.2
"744","USS0021B60S",1997-08-13,19.1,24.8,15.1
"745","USS0021B60S",1997-08-14,19,26,12.6
"746","USS0021B60S",1997-08-15,12.4,18.2,9.2
"747","USS0021B60S",1997-08-16,19.4,25.4,14.4
"748","USS0021B60S",1997-08-17,19.7,26.2,13.4
"749","USS0021B60S",1997-08-18,13.4,17.4,9.8
"750","USS0021B60S",1997-08-19,16.2,24.1,8.9
"751","USS0021B60S",1997-08-20,15.2,22.6,10.6
"752","USS0021B60S",1997-08-21,14.1,18.8,10
"753","USS0021B60S",1997-08-22,17.4,25.3,11.6
"754","USS0021B60S",1997-08-23,13,17.2,10
"755","USS0021B60S",1997-08-24,10.6,13.1,9.5
"756","USS0021B60S",1997-08-25,13.4,16.8,10.7
"757","USS0021B60S",1997-08-26,11.7,15.4,8.7
"758","USS0021B60S",1997-08-27,10.5,14.3,8.4
"759","USS0021B60S",1997-08-28,10.6,12.9,9.5
"760","USS0021B60S",1997-08-29,11.4,14.4,10.1
"761","USS0021B60S",1997-08-30,13.3,18.8,9.1
"762","USS0021B60S",1997-08-31,14.7,21.1,9.8
"763","USS0021B60S",1997-09-01,14.7,20.8,11.3
"764","USS0021B60S",1997-09-02,13.8,20.4,9.3
"765","USS0021B60S",1997-09-03,12.5,15.1,10.2
"766","USS0021B60S",1997-09-04,13,20.3,8.8
"767","USS0021B60S",1997-09-05,10.2,11.8,7.6
"768","USS0021B60S",1997-09-06,10.3,17.3,6
"769","USS0021B60S",1997-09-07,14.9,20.3,9.8
"770","USS0021B60S",1997-09-08,19.7,25.3,14.8
"771","USS0021B60S",1997-09-09,21.6,28.3,16
"772","USS0021B60S",1997-09-10,15.2,22.1,11.4
"773","USS0021B60S",1997-09-11,8.8,11.2,7
"774","USS0021B60S",1997-09-12,7.6,11,6
"775","USS0021B60S",1997-09-13,11.3,17,6.3
"776","USS0021B60S",1997-09-14,10.2,15.5,7.4
"777","USS0021B60S",1997-09-15,6.8,10.6,5.9
"778","USS0021B60S",1997-09-16,7.7,10.2,5.9
"779","USS0021B60S",1997-09-17,6.6,9.8,5.4
"780","USS0021B60S",1997-09-18,7.8,10.2,6.5
"781","USS0021B60S",1997-09-19,11.3,16.8,6.6
"782","USS0021B60S",1997-09-20,14.3,21.6,9.3
"783","USS0021B60S",1997-09-21,18.7,25.1,13.9
"784","USS0021B60S",1997-09-22,18.4,26.4,15.3
"785","USS0021B60S",1997-09-23,20.2,27.2,15.7
"786","USS0021B60S",1997-09-24,21.2,28.3,16.7
"787","USS0021B60S",1997-09-25,17.7,25.7,10.3
"788","USS0021B60S",1997-09-26,6.9,11.4,5.5
"789","USS0021B60S",1997-09-27,6.9,8.9,5.5
"790","USS0021B60S",1997-09-28,9.8,11.4,8.1
"791","USS0021B60S",1997-09-29,14.8,21.6,8.2
"792","USS0021B60S",1997-09-30,11.7,15.5,8.3
"793","USS0021B60S",1997-10-01,10,16.5,4.9
"794","USS0021B60S",1997-10-02,6,7.3,4.3
"795","USS0021B60S",1997-10-03,6.6,7.9,4.7
"796","USS0021B60S",1997-10-04,5.7,6.8,4.4
"797","USS0021B60S",1997-10-05,4.6,9.1,2.4
"798","USS0021B60S",1997-10-06,3.9,7.3,1.7
"799","USS0021B60S",1997-10-07,2.8,5,0.8
"800","USS0021B60S",1997-10-08,3.7,6.1,1.9
"801","USS0021B60S",1997-10-09,4,5.5,2.8
"802","USS0021B60S",1997-10-10,2.3,3.9,0.2
"803","USS0021B60S",1997-10-11,1,3.4,-0.2
"804","USS0021B60S",1997-10-12,3.3,4.7,1.2
"805","USS0021B60S",1997-10-13,5.3,7.7,4.1
"806","USS0021B60S",1997-10-14,7.7,12,4.5
"807","USS0021B60S",1997-10-15,14.5,20.8,10.6
"808","USS0021B60S",1997-10-16,12.8,18.9,8.9
"809","USS0021B60S",1997-10-17,7.3,10.3,4.1
"810","USS0021B60S",1997-10-18,4.7,8.3,1.4
"811","USS0021B60S",1997-10-19,5.9,11,3.6
"812","USS0021B60S",1997-10-20,8.3,14.6,4.9
"813","USS0021B60S",1997-10-21,7.1,13.9,3.1
"814","USS0021B60S",1997-10-22,3.7,6.8,1.7
"815","USS0021B60S",1997-10-23,1.8,4.3,-0.3
"816","USS0021B60S",1997-10-24,2.6,6.2,-1.2
"817","USS0021B60S",1997-10-25,7.2,10.9,3.3
"818","USS0021B60S",1997-10-26,6.8,10.2,3.8
"819","USS0021B60S",1997-10-27,3.7,5.8,2.5
"820","USS0021B60S",1997-10-28,4.4,5.8,2.9
"821","USS0021B60S",1997-10-29,4.4,6.8,3.2
"822","USS0021B60S",1997-10-30,6.1,8.7,3.8
"823","USS0021B60S",1997-10-31,4.2,4.7,3.9
"824","USS0021B60S",1997-11-01,5.3,9,3.2
"825","USS0021B60S",1997-11-02,8.3,12.4,5.6
"826","USS0021B60S",1997-11-03,7,8.6,5.3
"827","USS0021B60S",1997-11-04,7.6,10.6,3.6
"828","USS0021B60S",1997-11-05,11.5,17,8.1
"829","USS0021B60S",1997-11-06,7.2,8.8,6.5
"830","USS0021B60S",1997-11-07,4.6,6.7,3.1
"831","USS0021B60S",1997-11-08,5.3,8.3,2.2
"832","USS0021B60S",1997-11-09,6.3,9.2,4.1
"833","USS0021B60S",1997-11-10,5.8,8.2,3.2
"834","USS0021B60S",1997-11-11,5.5,8.4,3.7
"835","USS0021B60S",1997-11-12,4.7,7.8,2.9
"836","USS0021B60S",1997-11-13,5.5,8.4,3.6
"837","USS0021B60S",1997-11-14,5.4,7.7,3.1
"838","USS0021B60S",1997-11-15,5.2,7.5,3.4
"839","USS0021B60S",1997-11-16,4.7,7.1,2.5
"840","USS0021B60S",1997-11-17,1.9,4.2,-0.1
"841","USS0021B60S",1997-11-18,3.2,6.1,1.3
"842","USS0021B60S",1997-11-19,2.3,4,0.6
"843","USS0021B60S",1997-11-20,1.8,3.2,-0.3
"844","USS0021B60S",1997-11-21,0.4,3.3,-1.2
"845","USS0021B60S",1997-11-22,4.5,6.3,2.8
"846","USS0021B60S",1997-11-23,3.4,5.5,2.3
"847","USS0021B60S",1997-11-24,0.6,2.7,-0.6
"848","USS0021B60S",1997-11-25,1.1,3.9,-0.6
"849","USS0021B60S",1997-11-26,2.2,4.2,0.6
"850","USS0021B60S",1997-11-27,2.6,4.2,-0.1
"851","USS0021B60S",1997-11-28,3.3,5.6,1.7
"852","USS0021B60S",1997-11-29,3.5,6.5,0
"853","USS0021B60S",1997-11-30,0.4,1.4,-0.1
"854","USS0021B60S",1997-12-01,0.4,1.8,-1.4
"855","USS0021B60S",1997-12-02,2.8,5.1,0.8
"856","USS0021B60S",1997-12-03,3.8,5.7,2.8
"857","USS0021B60S",1997-12-04,5.8,8.9,3.7
"858","USS0021B60S",1997-12-05,5.6,7.9,4
"859","USS0021B60S",1997-12-06,4,6.8,1.3
"860","USS0021B60S",1997-12-07,1.9,4.1,-0.2
"861","USS0021B60S",1997-12-08,-1.3,0.4,-2.6
"862","USS0021B60S",1997-12-09,-1.3,1.2,-3.6
"863","USS0021B60S",1997-12-10,1.8,3.3,0.7
"864","USS0021B60S",1997-12-11,6.4,10.2,2.8
"865","USS0021B60S",1997-12-12,7.8,10.5,6.1
"866","USS0021B60S",1997-12-13,8.6,11.4,6.6
"867","USS0021B60S",1997-12-14,3.1,8.4,-1.1
"868","USS0021B60S",1997-12-15,0.3,2.9,-0.9
"869","USS0021B60S",1997-12-16,2.8,5.4,-0.3
"870","USS0021B60S",1997-12-17,-0.7,0.9,-2.5
"871","USS0021B60S",1997-12-18,-2.1,0,-3
"872","USS0021B60S",1997-12-19,0.2,3.3,-1.9
"873","USS0021B60S",1997-12-20,-0.2,3.6,-2.7
"874","USS0021B60S",1997-12-21,-3.9,-2,-5.8
"875","USS0021B60S",1997-12-22,-2.3,1.4,-5.1
"876","USS0021B60S",1997-12-23,-1.3,-0.1,-2.5
"877","USS0021B60S",1997-12-24,-1.8,0.4,-4.2
"878","USS0021B60S",1997-12-25,-1.6,1,-4.6
"879","USS0021B60S",1997-12-26,0.8,3.8,-2.2
"880","USS0021B60S",1997-12-27,-0.8,1.3,-2
"881","USS0021B60S",1997-12-28,3.2,4.6,-0.1
"882","USS0021B60S",1997-12-29,2.8,4,1.5
"883","USS0021B60S",1997-12-30,5.6,10,-0.2
"884","USS0021B60S",1997-12-31,4.4,9.2,2.5
"885","USS0021B60S",1998-01-01,0.9,3.6,-4.6
"886","USS0021B60S",1998-01-02,-4.5,-2.1,-5.6
"887","USS0021B60S",1998-01-03,-2.5,-0.2,-4.8
"888","USS0021B60S",1998-01-04,-1.8,-0.4,-2.7
"889","USS0021B60S",1998-01-05,-1.5,-0.7,-2.1
"890","USS0021B60S",1998-01-06,-0.4,-0.2,-0.8
"891","USS0021B60S",1998-01-07,-2.3,-0.3,-3.3
"892","USS0021B60S",1998-01-08,-5.9,-3.3,-7.7
"893","USS0021B60S",1998-01-09,-3.4,1.7,-6.5
"894","USS0021B60S",1998-01-10,-8.4,-3.6,-11.8
"895","USS0021B60S",1998-01-11,-8.7,-4.1,-12
"896","USS0021B60S",1998-01-12,-1.8,0.9,-4.3
"897","USS0021B60S",1998-01-13,0.4,2.8,-0.9
"898","USS0021B60S",1998-01-14,0.9,2.9,-0.6
"899","USS0021B60S",1998-01-15,-0.8,1.1,-1.5
"900","USS0021B60S",1998-01-16,1.2,3.4,-1.3
"901","USS0021B60S",1998-01-17,1.8,5.1,-0.1
"902","USS0021B60S",1998-01-18,4.2,7.2,0
"903","USS0021B60S",1998-01-19,0.1,0.8,-0.7
"904","USS0021B60S",1998-01-20,-0.4,1.2,-1
"905","USS0021B60S",1998-01-21,-0.1,2.1,-1.5
"906","USS0021B60S",1998-01-22,1.6,6,-0.2
"907","USS0021B60S",1998-01-23,2.7,4.1,1
"908","USS0021B60S",1998-01-24,1.2,3.6,-0.2
"909","USS0021B60S",1998-01-25,3,6.4,0.1
"910","USS0021B60S",1998-01-26,2,4.2,1.1
"911","USS0021B60S",1998-01-27,2,5.9,0.1
"912","USS0021B60S",1998-01-28,5.5,7.3,3.6
"913","USS0021B60S",1998-01-29,3.8,8,1.2
"914","USS0021B60S",1998-01-30,2.6,7.9,0.3
"915","USS0021B60S",1998-01-31,4.7,8.4,1.6
"916","USS0021B60S",1998-02-01,2.5,4.9,0.6
"917","USS0021B60S",1998-02-02,2,4.3,0
"918","USS0021B60S",1998-02-03,4.5,6.8,2.4
"919","USS0021B60S",1998-02-04,4.7,7.4,3.6
"920","USS0021B60S",1998-02-05,4,6.3,2.1
"921","USS0021B60S",1998-02-06,5.5,7.1,3.7
"922","USS0021B60S",1998-02-07,5.1,10.1,2.4
"923","USS0021B60S",1998-02-08,2.6,8.3,-0.3
"924","USS0021B60S",1998-02-09,0.5,7.4,-1.7
"925","USS0021B60S",1998-02-10,1.2,3.2,-0.2
"926","USS0021B60S",1998-02-11,1.1,5.6,-0.8
"927","USS0021B60S",1998-02-12,1.9,3.3,-0.1
"928","USS0021B60S",1998-02-13,0.3,2.1,-1
"929","USS0021B60S",1998-02-14,2,5.2,-0.1
"930","USS0021B60S",1998-02-15,-0.2,3.6,-1.5
"931","USS0021B60S",1998-02-16,1.8,4.9,-0.8
"932","USS0021B60S",1998-02-17,2.4,6.4,-0.1
"933","USS0021B60S",1998-02-18,2.5,6.3,0.3
"934","USS0021B60S",1998-02-19,3.6,8.9,0.6
"935","USS0021B60S",1998-02-20,1.9,7.8,-0.2
"936","USS0021B60S",1998-02-21,-0.5,0.4,-1.4
"937","USS0021B60S",1998-02-22,-1.2,4.1,-3.1
"938","USS0021B60S",1998-02-23,-0.5,14.3,-51.3
"939","USS0021B60S",1998-02-24,-2.2,3.5,-5.4
"940","USS0021B60S",1998-02-25,-1.8,2,-3.1
"941","USS0021B60S",1998-02-26,-1.9,5.7,-5.1
"942","USS0021B60S",1998-02-27,-0.8,9.4,-5.4
"943","USS0021B60S",1998-02-28,0.9,4.1,-1.4
"944","USS0021B60S",1998-03-01,1.9,6.3,-0.1
"945","USS0021B60S",1998-03-02,-0.5,4.7,-3.1
"946","USS0021B60S",1998-03-03,-1.7,1.5,-3.9
"947","USS0021B60S",1998-03-04,-2.3,2.7,-5.1
"948","USS0021B60S",1998-03-05,-1.3,9.3,-5.3
"949","USS0021B60S",1998-03-06,-1.9,8.2,-4.9
"950","USS0021B60S",1998-03-07,0.8,8.7,-4.1
"951","USS0021B60S",1998-03-08,-0.3,4.5,-1.7
"952","USS0021B60S",1998-03-09,-0.3,0.3,-0.8
"953","USS0021B60S",1998-03-10,3.5,9.2,0.4
"954","USS0021B60S",1998-03-11,7.7,15.5,2.6
"955","USS0021B60S",1998-03-12,8.7,14.9,5.1
"956","USS0021B60S",1998-03-13,6.7,12.6,3.7
"957","USS0021B60S",1998-03-14,5.4,11.8,1.9
"958","USS0021B60S",1998-03-15,3.3,5.2,1.9
"959","USS0021B60S",1998-03-16,0.2,3,-1.4
"960","USS0021B60S",1998-03-17,1,8,-2
"961","USS0021B60S",1998-03-18,5.5,13.8,-1.8
"962","USS0021B60S",1998-03-19,6.9,13.9,2.6
"963","USS0021B60S",1998-03-20,9.7,18.4,4.3
"964","USS0021B60S",1998-03-21,6.9,11,4.3
"965","USS0021B60S",1998-03-22,4.1,7.7,2
"966","USS0021B60S",1998-03-23,3.3,5.8,2.3
"967","USS0021B60S",1998-03-24,3.6,10.1,1.2
"968","USS0021B60S",1998-03-25,1.7,3.8,-0.4
"969","USS0021B60S",1998-03-26,-1.2,0,-3.2
"970","USS0021B60S",1998-03-27,-1.7,4.8,-4.2
"971","USS0021B60S",1998-03-28,-0.7,10.3,-6.2
"972","USS0021B60S",1998-03-29,1,10.3,-5
"973","USS0021B60S",1998-03-30,0.4,6.9,-1.9
"974","USS0021B60S",1998-03-31,0.6,5.9,-1.3
"975","USS0021B60S",1998-04-01,1.1,5.9,-0.8
"976","USS0021B60S",1998-04-02,3.1,10,-0.8
"977","USS0021B60S",1998-04-03,3.2,10.9,-0.7
"978","USS0021B60S",1998-04-04,1.7,4.3,0.3
"979","USS0021B60S",1998-04-05,1.5,5.8,-0.3
"980","USS0021B60S",1998-04-06,2.9,9.9,-1.1
"981","USS0021B60S",1998-04-07,-0.1,4.6,-2.3
"982","USS0021B60S",1998-04-08,2.2,12.9,-4
"983","USS0021B60S",1998-04-09,3.7,11,-0.8
"984","USS0021B60S",1998-04-10,2.7,13.3,-0.2
"985","USS0021B60S",1998-04-11,0.1,7.8,-2.7
"986","USS0021B60S",1998-04-12,0.9,10.6,-2.7
"987","USS0021B60S",1998-04-13,2.1,11.5,-3.2
"988","USS0021B60S",1998-04-14,2.6,10.3,-2.6
"989","USS0021B60S",1998-04-15,3.2,9.6,-1.4
"990","USS0021B60S",1998-04-16,1.4,5.8,-1
"991","USS0021B60S",1998-04-17,6.1,14.4,-1.4
"992","USS0021B60S",1998-04-18,5.4,14.7,-0.3
"993","USS0021B60S",1998-04-19,3.8,11.4,-0.6
"994","USS0021B60S",1998-04-20,9.9,18.2,2.9
"995","USS0021B60S",1998-04-21,10.1,19.4,3.8
"996","USS0021B60S",1998-04-22,13.8,22,7.6
"997","USS0021B60S",1998-04-23,4.9,14,0
"998","USS0021B60S",1998-04-24,2.1,11.3,-1.2
"999","USS0021B60S",1998-04-25,2.8,9,-0.5
"1000","USS0021B60S",1998-04-26,7.8,16.1,0.6
"1001","USS0021B60S",1998-04-27,12.7,22.1,5.2
"1002","USS0021B60S",1998-04-28,14.9,22,9.1
"1003","USS0021B60S",1998-04-29,17.4,25.7,9.5
"1004","USS0021B60S",1998-04-30,20.7,28.5,15.3
"1005","USS0021B60S",1998-05-01,19.8,27.5,10
"1006","USS0021B60S",1998-05-02,9.5,17,7
"1007","USS0021B60S",1998-05-03,8.5,12.8,7
"1008","USS0021B60S",1998-05-04,10.2,16.5,7
"1009","USS0021B60S",1998-05-05,9.2,12.8,7.5
"1010","USS0021B60S",1998-05-06,9.6,14.5,6.1
"1011","USS0021B60S",1998-05-07,6.2,9.8,4.8
"1012","USS0021B60S",1998-05-08,4.1,5.5,2.8
"1013","USS0021B60S",1998-05-09,4.1,5.5,2.7
"1014","USS0021B60S",1998-05-10,5.2,7.2,4
"1015","USS0021B60S",1998-05-11,3.3,4.4,2.7
"1016","USS0021B60S",1998-05-12,5.3,8,2.9
"1017","USS0021B60S",1998-05-13,4.2,5.9,0.6
"1018","USS0021B60S",1998-05-14,1.3,3.4,-0.2
"1019","USS0021B60S",1998-05-15,2,8.9,0.1
"1020","USS0021B60S",1998-05-16,6,11.6,-0.1
"1021","USS0021B60S",1998-05-17,3.5,4.5,2.4
"1022","USS0021B60S",1998-05-18,5.1,10.5,1.7
"1023","USS0021B60S",1998-05-19,10.1,16.9,5
"1024","USS0021B60S",1998-05-20,9.9,14.2,6.6
"1025","USS0021B60S",1998-05-21,5.1,6.5,3.6
"1026","USS0021B60S",1998-05-22,5.3,9,2.9
"1027","USS0021B60S",1998-05-23,7.3,10.3,4.9
"1028","USS0021B60S",1998-05-24,7.1,11.8,0.5
"1029","USS0021B60S",1998-05-25,2.5,6.2,0
"1030","USS0021B60S",1998-05-26,1.8,3.3,0.4
"1031","USS0021B60S",1998-05-27,1.7,3.4,0.1
"1032","USS0021B60S",1998-05-28,10.6,17.7,1.9
"1033","USS0021B60S",1998-05-29,9.6,14,6.8
"1034","USS0021B60S",1998-05-30,7.3,8.6,6.3
"1035","USS0021B60S",1998-05-31,12,19.1,6.4
"1036","USS0021B60S",1998-06-01,9.5,12.1,7.7
"1037","USS0021B60S",1998-06-02,12.3,20,7.4
"1038","USS0021B60S",1998-06-03,12.4,19.5,8.2
"1039","USS0021B60S",1998-06-04,8.4,10.3,7
"1040","USS0021B60S",1998-06-05,8.8,14,6.5
"1041","USS0021B60S",1998-06-06,13.7,21.7,6.9
"1042","USS0021B60S",1998-06-07,13.4,18.9,9.7
"1043","USS0021B60S",1998-06-08,12.8,17.5,9.2
"1044","USS0021B60S",1998-06-09,11.4,15.9,8.3
"1045","USS0021B60S",1998-06-10,8.2,9.2,7.2
"1046","USS0021B60S",1998-06-11,9,10.9,6.5
"1047","USS0021B60S",1998-06-12,11,14.6,6.4
"1048","USS0021B60S",1998-06-13,8.2,11.4,6
"1049","USS0021B60S",1998-06-14,7.4,10,4.8
"1050","USS0021B60S",1998-06-15,4.7,7.6,1.8
"1051","USS0021B60S",1998-06-16,7.2,11.9,3.8
"1052","USS0021B60S",1998-06-17,9.3,14.6,6.6
"1053","USS0021B60S",1998-06-18,6.2,8,5.3
"1054","USS0021B60S",1998-06-19,6.8,8.6,4.7
"1055","USS0021B60S",1998-06-20,14,21.7,6.8
"1056","USS0021B60S",1998-06-21,17.7,25,11.8
"1057","USS0021B60S",1998-06-22,14.3,19.6,9.6
"1058","USS0021B60S",1998-06-23,8.3,9.6,7
"1059","USS0021B60S",1998-06-24,7.3,9.4,5.1
"1060","USS0021B60S",1998-06-25,5.7,10.3,4.2
"1061","USS0021B60S",1998-06-26,6.4,9.1,5.1
"1062","USS0021B60S",1998-06-27,8.7,12.6,6.1
"1063","USS0021B60S",1998-06-28,15.1,23.6,6.8
"1064","USS0021B60S",1998-06-29,18.9,26,11.4
"1065","USS0021B60S",1998-06-30,17.4,22.5,12.2
"1066","USS0021B60S",1998-07-01,13.3,17.9,10.8
"1067","USS0021B60S",1998-07-02,13.1,19,10.3
"1068","USS0021B60S",1998-07-03,10.7,12,9.4
"1069","USS0021B60S",1998-07-04,9.2,10.4,8.4
"1070","USS0021B60S",1998-07-05,10.1,12.5,8.3
"1071","USS0021B60S",1998-07-06,13.9,19,9.2
"1072","USS0021B60S",1998-07-07,14.2,19.7,11.2
"1073","USS0021B60S",1998-07-08,15,21.9,9.6
"1074","USS0021B60S",1998-07-09,17.2,24.7,10.4
"1075","USS0021B60S",1998-07-10,15.1,21.5,9.7
"1076","USS0021B60S",1998-07-11,9.4,11.5,8.1
"1077","USS0021B60S",1998-07-12,9,12.6,6.5
"1078","USS0021B60S",1998-07-13,11.6,19.5,6.4
"1079","USS0021B60S",1998-07-14,12.7,16.5,10.8
"1080","USS0021B60S",1998-07-15,14.5,17.7,12.1
"1081","USS0021B60S",1998-07-16,20.6,28.2,13.4
"1082","USS0021B60S",1998-07-17,19.2,25.5,13.7
"1083","USS0021B60S",1998-07-18,16.9,22.9,11.8
"1084","USS0021B60S",1998-07-19,11.9,18.5,9
"1085","USS0021B60S",1998-07-20,15.6,22.9,8.6
"1086","USS0021B60S",1998-07-21,20.5,27.1,13.5
"1087","USS0021B60S",1998-07-22,21.8,29,15.9
"1088","USS0021B60S",1998-07-23,18.4,25.1,12.6
"1089","USS0021B60S",1998-07-24,13.9,19.3,9.8
"1090","USS0021B60S",1998-07-25,19.4,27.2,11.9
"1091","USS0021B60S",1998-07-26,26.4,33.3,19.5
"1092","USS0021B60S",1998-07-27,25.8,32.5,19.7
"1093","USS0021B60S",1998-07-28,25.4,32.4,20.1
"1094","USS0021B60S",1998-07-29,23.5,29.9,14.5
"1095","USS0021B60S",1998-07-30,14.6,19.3,12.1
"1096","USS0021B60S",1998-07-31,11.6,13.5,10.7
"1097","USS0021B60S",1998-08-01,11.8,16.8,10
"1098","USS0021B60S",1998-08-02,17.9,25.3,9.9
"1099","USS0021B60S",1998-08-03,21.8,27.9,14.7
"1100","USS0021B60S",1998-08-04,20.9,26.8,14.9
"1101","USS0021B60S",1998-08-05,17.3,23.2,10.9
"1102","USS0021B60S",1998-08-06,13,19.3,8.4
"1103","USS0021B60S",1998-08-07,12.3,19.4,7.3
"1104","USS0021B60S",1998-08-08,15.3,22.2,8.3
"1105","USS0021B60S",1998-08-09,16,23.4,10.8
"1106","USS0021B60S",1998-08-10,16.3,24.3,10.2
"1107","USS0021B60S",1998-08-11,17,24.9,11.7
"1108","USS0021B60S",1998-08-12,18.9,26.4,12.8
"1109","USS0021B60S",1998-08-13,20.3,28.2,14.4
"1110","USS0021B60S",1998-08-14,18.7,24.8,12.1
"1111","USS0021B60S",1998-08-15,10.6,14,8.4
"1112","USS0021B60S",1998-08-16,7.8,11.7,5
"1113","USS0021B60S",1998-08-17,8.2,11.7,4.9
"1114","USS0021B60S",1998-08-18,8.7,11.4,6
"1115","USS0021B60S",1998-08-19,14,21.6,5.8
"1116","USS0021B60S",1998-08-20,17.9,23.2,11.6
"1117","USS0021B60S",1998-08-21,11.2,12.6,9.7
"1118","USS0021B60S",1998-08-22,12.2,17.8,9.2
"1119","USS0021B60S",1998-08-23,10.5,13.9,8.9
"1120","USS0021B60S",1998-08-24,11.7,15.9,8.1
"1121","USS0021B60S",1998-08-25,12.8,18.6,9.2
"1122","USS0021B60S",1998-08-26,11.8,17.3,8.2
"1123","USS0021B60S",1998-08-27,15.4,22.9,8.7
"1124","USS0021B60S",1998-08-28,21.7,28.7,15.3
"1125","USS0021B60S",1998-08-29,17.6,24.1,13.2
"1126","USS0021B60S",1998-08-30,17.7,24.9,11.9
"1127","USS0021B60S",1998-08-31,23.1,31.1,15.5
"1128","USS0021B60S",1998-09-01,21.2,28.1,15.6
"1129","USS0021B60S",1998-09-02,18.1,26.5,12.9
"1130","USS0021B60S",1998-09-03,18.7,25,12.4
"1131","USS0021B60S",1998-09-04,16.2,23,11.8
"1132","USS0021B60S",1998-09-05,16.3,24.3,10.6
"1133","USS0021B60S",1998-09-06,17.7,25.1,11.3
"1134","USS0021B60S",1998-09-07,15.6,21.5,9.2
"1135","USS0021B60S",1998-09-08,8.6,10.8,7.5
"1136","USS0021B60S",1998-09-09,8.3,14,3.8
"1137","USS0021B60S",1998-09-10,10.8,18.4,5.2
"1138","USS0021B60S",1998-09-11,13.2,20.3,9.3
"1139","USS0021B60S",1998-09-12,13.5,20,9.3
"1140","USS0021B60S",1998-09-13,12.9,18.8,9.1
"1141","USS0021B60S",1998-09-14,14.4,21.8,10
"1142","USS0021B60S",1998-09-15,17.9,26,12.8
"1143","USS0021B60S",1998-09-16,15.5,21.6,11.3
"1144","USS0021B60S",1998-09-17,11.7,16.2,8.4
"1145","USS0021B60S",1998-09-18,9.1,12.5,6.8
"1146","USS0021B60S",1998-09-19,7.1,8.8,5.2
"1147","USS0021B60S",1998-09-20,9.1,16.7,4.6
"1148","USS0021B60S",1998-09-21,12.6,18.2,8.7
"1149","USS0021B60S",1998-09-22,14.6,21.1,11
"1150","USS0021B60S",1998-09-23,14.4,20.7,10
"1151","USS0021B60S",1998-09-24,9.5,12.8,7.8
"1152","USS0021B60S",1998-09-25,7.2,8.6,5.2
"1153","USS0021B60S",1998-09-26,10.4,16.6,4.7
"1154","USS0021B60S",1998-09-27,13.5,20.9,9.6
"1155","USS0021B60S",1998-09-28,12.3,19.4,9.1
"1156","USS0021B60S",1998-09-29,11.7,17.7,7.8
"1157","USS0021B60S",1998-09-30,15.1,22.8,10.9
"1158","USS0021B60S",1998-10-01,9.3,14,4.8
"1159","USS0021B60S",1998-10-02,3.7,4.7,2.8
"1160","USS0021B60S",1998-10-03,3.5,6.4,2.1
"1161","USS0021B60S",1998-10-04,4.6,7.2,2.9
"1162","USS0021B60S",1998-10-05,9,12.9,4.8
"1163","USS0021B60S",1998-10-06,14.6,20.8,9.1
"1164","USS0021B60S",1998-10-07,13,17.3,9.8
"1165","USS0021B60S",1998-10-08,5.8,10.4,3
"1166","USS0021B60S",1998-10-09,4,5.8,2.7
"1167","USS0021B60S",1998-10-10,3.2,6,1.9
"1168","USS0021B60S",1998-10-11,7.5,9.8,3.5
"1169","USS0021B60S",1998-10-12,7.8,9.7,6.3
"1170","USS0021B60S",1998-10-13,5.7,6.6,4
"1171","USS0021B60S",1998-10-14,2.8,5.6,0.1
"1172","USS0021B60S",1998-10-15,1.5,4.1,-0.2
"1173","USS0021B60S",1998-10-16,3.5,7.5,-0.1
"1174","USS0021B60S",1998-10-17,4,7.2,0.3
"1175","USS0021B60S",1998-10-18,2.8,9.4,-0.1
"1176","USS0021B60S",1998-10-19,7,12.9,1.4
"1177","USS0021B60S",1998-10-20,11.9,18.4,7.7
"1178","USS0021B60S",1998-10-21,15.8,19.5,12.1
"1179","USS0021B60S",1998-10-22,12.5,17.1,8.6
"1180","USS0021B60S",1998-10-23,12.1,17.7,9.1
"1181","USS0021B60S",1998-10-24,9.2,14,5.6
"1182","USS0021B60S",1998-10-25,6.6,8.5,4.8
"1183","USS0021B60S",1998-10-26,9.6,13.9,5.8
"1184","USS0021B60S",1998-10-27,8.4,14.1,0.7
"1185","USS0021B60S",1998-10-28,0.7,1.9,-0.3
"1186","USS0021B60S",1998-10-29,1.3,7.2,-1.5
"1187","USS0021B60S",1998-10-30,5.3,7.9,1.2
"1188","USS0021B60S",1998-10-31,5.4,7.6,3
"1189","USS0021B60S",1998-11-01,3.5,6.2,1.4
"1190","USS0021B60S",1998-11-02,4.6,7,2.4
"1191","USS0021B60S",1998-11-03,5,7.9,3.3
"1192","USS0021B60S",1998-11-04,4.2,5.8,2.9
"1193","USS0021B60S",1998-11-05,1.4,4,-1
"1194","USS0021B60S",1998-11-06,1.3,4.5,-1.3
"1195","USS0021B60S",1998-11-07,1.9,5,-0.5
"1196","USS0021B60S",1998-11-08,0,0.6,-0.7
"1197","USS0021B60S",1998-11-09,0,0.8,-0.3
"1198","USS0021B60S",1998-11-10,1.3,4.8,0
"1199","USS0021B60S",1998-11-11,1.7,3.1,0.5
"1200","USS0021B60S",1998-11-12,2.7,4.1,1.1
"1201","USS0021B60S",1998-11-13,5,6,2.8
"1202","USS0021B60S",1998-11-14,5.4,7.2,3.9
"1203","USS0021B60S",1998-11-15,4.7,6.5,0.9
"1204","USS0021B60S",1998-11-16,2.3,4.3,0.2
"1205","USS0021B60S",1998-11-17,2,4,0.6
"1206","USS0021B60S",1998-11-18,0.5,2.2,-1.1
"1207","USS0021B60S",1998-11-19,1.1,2.9,0
"1208","USS0021B60S",1998-11-20,4.1,5.4,2
"1209","USS0021B60S",1998-11-21,0.7,2.8,-1.5
"1210","USS0021B60S",1998-11-22,-0.9,-0.5,-1.7
"1211","USS0021B60S",1998-11-23,2.2,5.2,-0.9
"1212","USS0021B60S",1998-11-24,0.5,3.1,-0.4
"1213","USS0021B60S",1998-11-25,2.3,4.3,0.1
"1214","USS0021B60S",1998-11-26,1,3.2,0
"1215","USS0021B60S",1998-11-27,0.8,2.1,-1.4
"1216","USS0021B60S",1998-11-28,-0.5,2.6,-2.4
"1217","USS0021B60S",1998-11-29,-0.5,1.4,-1.7
"1218","USS0021B60S",1998-11-30,0.3,2.9,-1.7
"1219","USS0021B60S",1998-12-01,-0.4,1.3,-1.7
"1220","USS0021B60S",1998-12-02,-0.8,0.7,-2.6
"1221","USS0021B60S",1998-12-03,-2.1,0.5,-3.2
"1222","USS0021B60S",1998-12-04,-2.9,-0.3,-4.7
"1223","USS0021B60S",1998-12-05,-2.8,-1.8,-3.7
"1224","USS0021B60S",1998-12-06,-2,0.3,-3.1
"1225","USS0021B60S",1998-12-07,-1,0.3,-2.2
"1226","USS0021B60S",1998-12-08,-2.1,-0.6,-3.2
"1227","USS0021B60S",1998-12-09,1.5,6.2,-3.3
"1228","USS0021B60S",1998-12-10,2.5,5.6,0.4
"1229","USS0021B60S",1998-12-11,3,3.8,1.2
"1230","USS0021B60S",1998-12-12,4.9,8.1,2.9
"1231","USS0021B60S",1998-12-13,2.8,7.4,-2
"1232","USS0021B60S",1998-12-14,-1.6,0.5,-2.8
"1233","USS0021B60S",1998-12-15,1.2,3.6,-1.9
"1234","USS0021B60S",1998-12-16,5.4,9.2,3.3
"1235","USS0021B60S",1998-12-17,-0.4,3.5,-3.9
"1236","USS0021B60S",1998-12-18,-4.9,-1.4,-7.3
"1237","USS0021B60S",1998-12-19,-10.2,-6.8,-14.6
"1238","USS0021B60S",1998-12-20,-15.3,-13.8,-17.3
"1239","USS0021B60S",1998-12-21,-11.1,-6.2,-14.3
"1240","USS0021B60S",1998-12-22,-8.9,-4.5,-11.2
"1241","USS0021B60S",1998-12-23,-7,-3.9,-10.5
"1242","USS0021B60S",1998-12-24,-0.9,1.7,-6
"1243","USS0021B60S",1998-12-25,1.8,3.5,-0.3
"1244","USS0021B60S",1998-12-26,-1,-0.4,-1.6
"1245","USS0021B60S",1998-12-27,1.6,5.1,-1.4
"1246","USS0021B60S",1998-12-28,3.3,4.6,2.4
"1247","USS0021B60S",1998-12-29,4.3,6.3,1.3
"1248","USS0021B60S",1998-12-30,4.9,8.1,1.5
"1249","USS0021B60S",1998-12-31,1.6,6.5,-1.8
"1250","USS0021B60S",1999-01-01,-1.3,1.3,-3.6
"1251","USS0021B60S",1999-01-02,0.1,2.9,-3.4
"1252","USS0021B60S",1999-01-03,4.7,7.6,1.5
"1253","USS0021B60S",1999-01-04,6.1,9.1,3.8
"1254","USS0021B60S",1999-01-05,3.7,7.3,1.8
"1255","USS0021B60S",1999-01-06,1,4.4,-0.5
"1256","USS0021B60S",1999-01-07,0.1,0.8,-0.4
"1257","USS0021B60S",1999-01-08,-0.1,1.3,-0.8
"1258","USS0021B60S",1999-01-09,0.4,1.5,-0.5
"1259","USS0021B60S",1999-01-10,4.7,6.5,1.7
"1260","USS0021B60S",1999-01-11,2.4,5.8,0.2
"1261","USS0021B60S",1999-01-12,0.2,0.8,-0.4
"1262","USS0021B60S",1999-01-13,1.9,4.7,-1.2
"1263","USS0021B60S",1999-01-14,3.2,5.6,-0.2
"1264","USS0021B60S",1999-01-15,-0.4,0.9,-1.3
"1265","USS0021B60S",1999-01-16,-1.3,-0.7,-1.8
"1266","USS0021B60S",1999-01-17,-0.3,1.2,-1.4
"1267","USS0021B60S",1999-01-18,0.3,0.9,-0.3
"1268","USS0021B60S",1999-01-19,1,4,-0.1
"1269","USS0021B60S",1999-01-20,1.5,5.3,-0.1
"1270","USS0021B60S",1999-01-21,-0.4,1.3,-1.2
"1271","USS0021B60S",1999-01-22,-0.9,1,-2.2
"1272","USS0021B60S",1999-01-23,-1.8,1.5,-4
"1273","USS0021B60S",1999-01-24,-3.3,3.1,-5.8
"1274","USS0021B60S",1999-01-25,-1.2,4.5,-4.3
"1275","USS0021B60S",1999-01-26,-3.1,-1.3,-4.2
"1276","USS0021B60S",1999-01-27,-2,-0.8,-3.3
"1277","USS0021B60S",1999-01-28,-0.4,2.4,-2.6
"1278","USS0021B60S",1999-01-29,2.6,4.9,-1.9
"1279","USS0021B60S",1999-01-30,-0.8,1.2,-1.9
"1280","USS0021B60S",1999-01-31,-2.6,0.1,-4.2
"1281","USS0021B60S",1999-02-01,-1.9,-0.2,-3.6
"1282","USS0021B60S",1999-02-02,0.1,2,-1.8
"1283","USS0021B60S",1999-02-03,-0.8,3,-2.4
"1284","USS0021B60S",1999-02-04,-1.4,-0.7,-2.5
"1285","USS0021B60S",1999-02-05,-1.7,0.3,-3.8
"1286","USS0021B60S",1999-02-06,0.3,2.7,-1.2
"1287","USS0021B60S",1999-02-07,-2,-0.9,-3.6
"1288","USS0021B60S",1999-02-08,-4,-2.4,-5.2
"1289","USS0021B60S",1999-02-09,-5.3,-2.1,-7.7
"1290","USS0021B60S",1999-02-10,-5.1,-4.1,-6.1
"1291","USS0021B60S",1999-02-11,0,5.2,-5.9
"1292","USS0021B60S",1999-02-12,3.7,7,0.6
"1293","USS0021B60S",1999-02-13,0.5,3.8,-2.7
"1294","USS0021B60S",1999-02-14,-2,3.2,-5.1
"1295","USS0021B60S",1999-02-15,0.3,4,-5
"1296","USS0021B60S",1999-02-16,0.3,2.5,-1
"1297","USS0021B60S",1999-02-17,-1.4,-0.4,-2.8
"1298","USS0021B60S",1999-02-18,-0.5,2,-2.4
"1299","USS0021B60S",1999-02-19,-1.3,0.5,-2.7
"1300","USS0021B60S",1999-02-20,1.6,4,-1.9
"1301","USS0021B60S",1999-02-21,-0.3,2.4,-1.7
"1302","USS0021B60S",1999-02-22,-0.2,2.9,-1.9
"1303","USS0021B60S",1999-02-23,-0.1,2.8,-2.1
"1304","USS0021B60S",1999-02-24,2.5,4.6,-0.5
"1305","USS0021B60S",1999-02-25,-0.4,5.5,-2.9
"1306","USS0021B60S",1999-02-26,-1.4,3.7,-4
"1307","USS0021B60S",1999-02-27,2,4.3,-1.4
"1308","USS0021B60S",1999-02-28,0.2,3.5,-2.2
"1309","USS0021B60S",1999-03-01,-1.7,-0.2,-2.5
"1310","USS0021B60S",1999-03-02,-0.5,1.6,-4.5
"1311","USS0021B60S",1999-03-03,-1.6,1.8,-3.6
"1312","USS0021B60S",1999-03-04,-2.8,-0.4,-3.7
"1313","USS0021B60S",1999-03-05,-2.9,4.3,-5.8
"1314","USS0021B60S",1999-03-06,-0.8,7.6,-5.2
"1315","USS0021B60S",1999-03-07,-0.6,5,-3.6
"1316","USS0021B60S",1999-03-08,0.1,8,-1.9
"1317","USS0021B60S",1999-03-09,-0.5,5.9,-3.1
"1318","USS0021B60S",1999-03-10,0.9,9.8,-3.1
"1319","USS0021B60S",1999-03-11,1.7,9.3,-3.2
"1320","USS0021B60S",1999-03-12,1.9,3.5,0.3
"1321","USS0021B60S",1999-03-13,3.5,5.2,1.6
"1322","USS0021B60S",1999-03-14,1.1,4.7,-0.6
"1323","USS0021B60S",1999-03-15,-1.1,2.6,-3.7
"1324","USS0021B60S",1999-03-16,-2.1,5.3,-4.6
"1325","USS0021B60S",1999-03-17,0.8,2.9,-1
"1326","USS0021B60S",1999-03-18,5.1,14.8,-0.3
"1327","USS0021B60S",1999-03-19,11,19.7,4.4
"1328","USS0021B60S",1999-03-20,11,21.1,3
"1329","USS0021B60S",1999-03-21,2.7,9.9,0.5
"1330","USS0021B60S",1999-03-22,5.5,10.1,-0.3
"1331","USS0021B60S",1999-03-23,4.6,12.6,-0.5
"1332","USS0021B60S",1999-03-24,3.6,8.7,-1
"1333","USS0021B60S",1999-03-25,0.8,6.5,-2.5
"1334","USS0021B60S",1999-03-26,-3,-1.5,-3.8
"1335","USS0021B60S",1999-03-27,-3.5,-1,-4.9
"1336","USS0021B60S",1999-03-28,-2,3.4,-4.6
"1337","USS0021B60S",1999-03-29,-1.4,1.1,-2.7
"1338","USS0021B60S",1999-03-30,-1.4,9.5,-6.1
"1339","USS0021B60S",1999-03-31,-0.2,8.9,-5.4
"1340","USS0021B60S",1999-04-01,2.6,12.8,-4.2
"1341","USS0021B60S",1999-04-02,1.9,12.1,-3.6
"1342","USS0021B60S",1999-04-03,-1.9,1.9,-4
"1343","USS0021B60S",1999-04-04,-2.3,2,-4.5
"1344","USS0021B60S",1999-04-05,0.8,11.4,-4.7
"1345","USS0021B60S",1999-04-06,2.8,11.5,-3.2
"1346","USS0021B60S",1999-04-07,2,7.8,-0.9
"1347","USS0021B60S",1999-04-08,-1.3,4,-4
"1348","USS0021B60S",1999-04-09,-2.7,3.6,-4.7
"1349","USS0021B60S",1999-04-10,2.2,7.9,-2.1
"1350","USS0021B60S",1999-04-11,7.6,17.3,1
"1351","USS0021B60S",1999-04-12,2.1,5.5,-0.5
"1352","USS0021B60S",1999-04-13,0.1,6.6,-3.2
"1353","USS0021B60S",1999-04-14,6.7,17,-3
"1354","USS0021B60S",1999-04-15,10.4,18.9,4.1
"1355","USS0021B60S",1999-04-16,13.3,21.6,8.4
"1356","USS0021B60S",1999-04-17,11.9,21.1,5.4
"1357","USS0021B60S",1999-04-18,5.2,9.8,2
"1358","USS0021B60S",1999-04-19,2.3,4.9,0.3
"1359","USS0021B60S",1999-04-20,0.3,8.5,-1.3
"1360","USS0021B60S",1999-04-21,1.5,11.1,-2.8
"1361","USS0021B60S",1999-04-22,5.5,14.9,-1.6
"1362","USS0021B60S",1999-04-23,10.9,21.7,3.7
"1363","USS0021B60S",1999-04-24,13.1,24.1,6
"1364","USS0021B60S",1999-04-25,3.2,7.3,-0.9
"1365","USS0021B60S",1999-04-26,-0.2,7.5,-3.2
"1366","USS0021B60S",1999-04-27,1,10.4,-2.4
"1367","USS0021B60S",1999-04-28,2.8,9.5,-1.4
"1368","USS0021B60S",1999-04-29,7.4,15.9,0.5
"1369","USS0021B60S",1999-04-30,7.8,16.5,2.3
"1370","USS0021B60S",1999-05-01,1,2.6,-0.6
"1371","USS0021B60S",1999-05-02,0.8,4.3,-0.8
"1372","USS0021B60S",1999-05-03,0.3,4.6,-2.2
"1373","USS0021B60S",1999-05-04,-1.3,2.9,-2.7
"1374","USS0021B60S",1999-05-05,6,14.8,-2.3
"1375","USS0021B60S",1999-05-06,6.8,14,-2.2
"1376","USS0021B60S",1999-05-07,-1.3,2.8,-3.2
"1377","USS0021B60S",1999-05-08,-0.3,9.1,-2.7
"1378","USS0021B60S",1999-05-09,1,11.6,-2.8
"1379","USS0021B60S",1999-05-10,5.9,16.6,-3.6
"1380","USS0021B60S",1999-05-11,5.9,16.3,1.2
"1381","USS0021B60S",1999-05-12,0.7,5.4,-0.5
"1382","USS0021B60S",1999-05-13,1.3,9.4,-1.6
"1383","USS0021B60S",1999-05-14,2.6,9,-1.3
"1384","USS0021B60S",1999-05-15,2.5,7,0.2
"1385","USS0021B60S",1999-05-16,2.7,8.1,1.2
"1386","USS0021B60S",1999-05-17,4.1,7.9,1.5
"1387","USS0021B60S",1999-05-18,3.3,6.4,0.8
"1388","USS0021B60S",1999-05-19,5.2,14.7,0.4
"1389","USS0021B60S",1999-05-20,5.1,10.5,1.6
"1390","USS0021B60S",1999-05-21,5.8,13.6,1.6
"1391","USS0021B60S",1999-05-22,13,22.1,2.9
"1392","USS0021B60S",1999-05-23,20,29.1,10.7
"1393","USS0021B60S",1999-05-24,17.4,26.6,6.6
"1394","USS0021B60S",1999-05-25,5.8,11.3,0.8
"1395","USS0021B60S",1999-05-26,11.5,22.5,0.1
"1396","USS0021B60S",1999-05-27,11.7,19.3,3.8
"1397","USS0021B60S",1999-05-28,7.5,15.8,1.9
"1398","USS0021B60S",1999-05-29,8.5,15.8,2.2
"1399","USS0021B60S",1999-05-30,10.2,19,3.2
"1400","USS0021B60S",1999-05-31,6.5,7.8,4
"1401","USS0021B60S",1999-06-01,2.4,8.4,-0.5
"1402","USS0021B60S",1999-06-02,4.7,11.3,-0.1
"1403","USS0021B60S",1999-06-03,9.2,17.1,3.3
"1404","USS0021B60S",1999-06-04,6,9.2,4.1
"1405","USS0021B60S",1999-06-05,3.5,6.4,0.4
"1406","USS0021B60S",1999-06-06,1.7,7.4,-0.3
"1407","USS0021B60S",1999-06-07,3.2,8.7,-0.3
"1408","USS0021B60S",1999-06-08,2.9,9.2,0.9
"1409","USS0021B60S",1999-06-09,5.6,10.3,1.5
"1410","USS0021B60S",1999-06-10,7.8,15.5,3.5
"1411","USS0021B60S",1999-06-11,14.9,22.8,5.3
"1412","USS0021B60S",1999-06-12,17.3,27.2,11.3
"1413","USS0021B60S",1999-06-13,16,23.7,9.7
"1414","USS0021B60S",1999-06-14,21.1,28.6,14.3
"1415","USS0021B60S",1999-06-15,13.2,19.3,8.5
"1416","USS0021B60S",1999-06-16,9.3,12.6,7.2
"1417","USS0021B60S",1999-06-17,11.3,16.7,8.1
"1418","USS0021B60S",1999-06-18,7.5,9.6,5.3
"1419","USS0021B60S",1999-06-19,6.5,9.8,4.5
"1420","USS0021B60S",1999-06-20,8.1,11.3,5
"1421","USS0021B60S",1999-06-21,7.3,8.1,6.2
"1422","USS0021B60S",1999-06-22,6.5,7.4,4.9
"1423","USS0021B60S",1999-06-23,9.5,14.3,6.3
"1424","USS0021B60S",1999-06-24,8,12.4,4.8
"1425","USS0021B60S",1999-06-25,5.1,7.1,4.1
"1426","USS0021B60S",1999-06-26,4.9,7.4,3
"1427","USS0021B60S",1999-06-27,6.2,10.2,4.6
"1428","USS0021B60S",1999-06-28,6.5,7.7,4.7
"1429","USS0021B60S",1999-06-29,8.8,11.4,6.7
"1430","USS0021B60S",1999-06-30,8.9,10.1,7.5
"1431","USS0021B60S",1999-07-01,5.5,8.3,1.9
"1432","USS0021B60S",1999-07-02,3.3,6.1,1.2
"1433","USS0021B60S",1999-07-03,5.8,9.2,3.1
"1434","USS0021B60S",1999-07-04,7.1,10.2,5.5
"1435","USS0021B60S",1999-07-05,14.3,21.1,5.3
"1436","USS0021B60S",1999-07-06,17.6,24.4,8.2
"1437","USS0021B60S",1999-07-07,5.6,8.2,4.8
"1438","USS0021B60S",1999-07-08,11.9,18.7,3.5
"1439","USS0021B60S",1999-07-09,19.8,27.1,13.3
"1440","USS0021B60S",1999-07-10,18.8,24.8,12.6
"1441","USS0021B60S",1999-07-11,17.7,24.2,11.4
"1442","USS0021B60S",1999-07-12,16.3,23.1,10.3
"1443","USS0021B60S",1999-07-13,13.8,20.8,5.1
"1444","USS0021B60S",1999-07-14,5,6.7,3.1
"1445","USS0021B60S",1999-07-15,10.5,16.5,5.1
"1446","USS0021B60S",1999-07-16,10.2,15.6,7.4
"1447","USS0021B60S",1999-07-17,7.2,8.2,6.6
"1448","USS0021B60S",1999-07-18,11,17.9,6.9
"1449","USS0021B60S",1999-07-19,17.1,23.5,10.6
"1450","USS0021B60S",1999-07-20,16.1,23.2,9.2
"1451","USS0021B60S",1999-07-21,11.6,16.7,8
"1452","USS0021B60S",1999-07-22,NA,NA,NA
"1453","USS0021B60S",1999-07-23,13.9,19.7,8.5
"1454","USS0021B60S",1999-07-24,7.4,9.6,5.4
"1455","USS0021B60S",1999-07-25,9.1,17.4,4.9
"1456","USS0021B60S",1999-07-26,15.8,22.2,7.7
"1457","USS0021B60S",1999-07-27,17.6,24.3,10.9
"1458","USS0021B60S",1999-07-28,18.1,25.6,11.6
"1459","USS0021B60S",1999-07-29,13.5,18.4,9.1
"1460","USS0021B60S",1999-07-30,11.7,18.8,8.7
"1461","USS0021B60S",1999-07-31,13.6,21,6.8
"1462","USS0021B60S",1999-08-01,14.4,20.2,8.9
"1463","USS0021B60S",1999-08-02,16.6,22.4,9.9
"1464","USS0021B60S",1999-08-03,15.2,19.8,11.6
"1465","USS0021B60S",1999-08-04,16,22,10.5
"1466","USS0021B60S",1999-08-05,16.5,24.3,12.6
"1467","USS0021B60S",1999-08-06,13.9,17.7,11.1
"1468","USS0021B60S",1999-08-07,10.8,11.9,9.2
"1469","USS0021B60S",1999-08-08,11,16.9,8.6
"1470","USS0021B60S",1999-08-09,13.4,18.7,9.1
"1471","USS0021B60S",1999-08-10,14,19.3,9.6
"1472","USS0021B60S",1999-08-11,9.2,11,6.4
"1473","USS0021B60S",1999-08-12,8.2,11.8,5.7
"1474","USS0021B60S",1999-08-13,7.9,10.6,5.9
"1475","USS0021B60S",1999-08-14,6.5,8.2,5.2
"1476","USS0021B60S",1999-08-15,6.4,7.5,5.1
"1477","USS0021B60S",1999-08-16,11.5,17.6,7.5
"1478","USS0021B60S",1999-08-17,16.4,23.3,10.1
"1479","USS0021B60S",1999-08-18,13.8,19.1,9.1
"1480","USS0021B60S",1999-08-19,10.8,18.1,7.1
"1481","USS0021B60S",1999-08-20,12.6,18.9,8.3
"1482","USS0021B60S",1999-08-21,8.5,14.8,6.5
"1483","USS0021B60S",1999-08-22,14.1,22.5,5.7
"1484","USS0021B60S",1999-08-23,18,25,12.1
"1485","USS0021B60S",1999-08-24,14.6,20.5,10.2
"1486","USS0021B60S",1999-08-25,10.6,16.8,7.4
"1487","USS0021B60S",1999-08-26,13.6,20.9,7.3
"1488","USS0021B60S",1999-08-27,18.8,26.2,12
"1489","USS0021B60S",1999-08-28,14,19.4,9.4
"1490","USS0021B60S",1999-08-29,6.4,9.5,2.8
"1491","USS0021B60S",1999-08-30,3,5.4,1
"1492","USS0021B60S",1999-08-31,2.4,5.7,1
"1493","USS0021B60S",1999-09-01,6.4,14.5,0.8
"1494","USS0021B60S",1999-09-02,8,13.8,2.9
"1495","USS0021B60S",1999-09-03,10.1,16.9,5.4
"1496","USS0021B60S",1999-09-04,9.5,13.4,6.8
"1497","USS0021B60S",1999-09-05,6.9,9.6,4
"1498","USS0021B60S",1999-09-06,3.5,7.4,1
"1499","USS0021B60S",1999-09-07,7.4,15.3,0.8
"1500","USS0021B60S",1999-09-08,13.2,21,7
"1501","USS0021B60S",1999-09-09,9.2,15.7,3.2
"1502","USS0021B60S",1999-09-10,5.6,10.2,2.1
"1503","USS0021B60S",1999-09-11,10,16.5,3.3
"1504","USS0021B60S",1999-09-12,14.7,21.4,8.2
"1505","USS0021B60S",1999-09-13,16.4,25.3,11
"1506","USS0021B60S",1999-09-14,15.5,22,10.5
"1507","USS0021B60S",1999-09-15,10.2,16.1,4.7
"1508","USS0021B60S",1999-09-16,5.7,9.5,4.2
"1509","USS0021B60S",1999-09-17,9.2,15.9,4.6
"1510","USS0021B60S",1999-09-18,15.8,23.5,10.4
"1511","USS0021B60S",1999-09-19,16.4,25,12.6
"1512","USS0021B60S",1999-09-20,14.9,22.6,11.4
"1513","USS0021B60S",1999-09-21,15.5,22.9,11
"1514","USS0021B60S",1999-09-22,13.2,20.8,9.6
"1515","USS0021B60S",1999-09-23,5.3,10.7,0.3
"1516","USS0021B60S",1999-09-24,2.6,7.2,-0.5
"1517","USS0021B60S",1999-09-25,1.7,5.5,-1.5
"1518","USS0021B60S",1999-09-26,-0.2,2.5,-2
"1519","USS0021B60S",1999-09-27,1.8,7.9,-2.3
"1520","USS0021B60S",1999-09-28,6.5,12.5,1
"1521","USS0021B60S",1999-09-29,6.6,12.8,2.5
"1522","USS0021B60S",1999-09-30,3.7,7.7,1.2
"1523","USS0021B60S",1999-10-01,5.6,13.7,2
"1524","USS0021B60S",1999-10-02,6.1,11.7,3.2
"1525","USS0021B60S",1999-10-03,8.6,16.5,4.6
"1526","USS0021B60S",1999-10-04,9.4,18.5,2.5
"1527","USS0021B60S",1999-10-05,3.6,5.9,2.6
"1528","USS0021B60S",1999-10-06,3.6,5.6,2.4
"1529","USS0021B60S",1999-10-07,4.1,5.6,2.7
"1530","USS0021B60S",1999-10-08,2.7,6,-1.2
"1531","USS0021B60S",1999-10-09,0.2,4.9,-2.3
"1532","USS0021B60S",1999-10-10,3.1,7.3,-1.7
"1533","USS0021B60S",1999-10-11,3.1,7,1.1
"1534","USS0021B60S",1999-10-12,5.2,9.3,0.9
"1535","USS0021B60S",1999-10-13,6.9,9.4,2.9
"1536","USS0021B60S",1999-10-14,2,4.4,-0.8
"1537","USS0021B60S",1999-10-15,1,4.7,-0.7
"1538","USS0021B60S",1999-10-16,5.3,12,0.9
"1539","USS0021B60S",1999-10-17,8.3,14.1,5.5
"1540","USS0021B60S",1999-10-18,9.2,14.6,6.7
"1541","USS0021B60S",1999-10-19,12.4,19.2,7.8
"1542","USS0021B60S",1999-10-20,12.1,18.6,9.8
"1543","USS0021B60S",1999-10-21,13.7,18.9,10.3
"1544","USS0021B60S",1999-10-22,15.2,19.4,13.4
"1545","USS0021B60S",1999-10-23,9.9,16.4,4.1
"1546","USS0021B60S",1999-10-24,4.4,9.3,0.4
"1547","USS0021B60S",1999-10-25,6.3,9.1,1
"1548","USS0021B60S",1999-10-26,1.6,4.2,-0.8
"1549","USS0021B60S",1999-10-27,3.6,5.9,0.8
"1550","USS0021B60S",1999-10-28,3.7,5.5,1.6
"1551","USS0021B60S",1999-10-29,2.1,4.3,0.6
"1552","USS0021B60S",1999-10-30,6.3,10,3.9
"1553","USS0021B60S",1999-10-31,0.4,4.3,-2
"1554","USS0021B60S",1999-11-01,1.8,4.9,-2.1
"1555","USS0021B60S",1999-11-02,5.9,11.1,1.3
"1556","USS0021B60S",1999-11-03,4.9,8.8,-0.2
"1557","USS0021B60S",1999-11-04,-0.8,1.1,-2.2
"1558","USS0021B60S",1999-11-05,2.6,5.6,-0.8
"1559","USS0021B60S",1999-11-06,9.2,12,4.8
"1560","USS0021B60S",1999-11-07,7.6,10.6,5
"1561","USS0021B60S",1999-11-08,5.3,9.5,1.8
"1562","USS0021B60S",1999-11-09,3.6,4.6,2.7
"1563","USS0021B60S",1999-11-10,3.3,5.9,1.3
"1564","USS0021B60S",1999-11-11,7.6,10.8,4.2
"1565","USS0021B60S",1999-11-12,6.5,9.2,3.9
"1566","USS0021B60S",1999-11-13,8.3,10,6.4
"1567","USS0021B60S",1999-11-14,13,16.7,8.4
"1568","USS0021B60S",1999-11-15,9.2,16.7,5.5
"1569","USS0021B60S",1999-11-16,6.3,11.1,0.9
"1570","USS0021B60S",1999-11-17,1,2.3,0.1
"1571","USS0021B60S",1999-11-18,3.2,6.1,-0.6
"1572","USS0021B60S",1999-11-19,4,6.5,1.5
"1573","USS0021B60S",1999-11-20,0,2.3,-0.9
"1574","USS0021B60S",1999-11-21,-1.3,0,-2.4
"1575","USS0021B60S",1999-11-22,-0.5,0.5,-1.3
"1576","USS0021B60S",1999-11-23,0.2,0.7,-0.3
"1577","USS0021B60S",1999-11-24,2.1,4.5,-0.2
"1578","USS0021B60S",1999-11-25,1.9,3.1,0
"1579","USS0021B60S",1999-11-26,-0.9,2.8,-2.5
"1580","USS0021B60S",1999-11-27,-0.2,1.9,-2.3
"1581","USS0021B60S",1999-11-28,5,7.3,1.6
"1582","USS0021B60S",1999-11-29,6.6,9.8,2.7
"1583","USS0021B60S",1999-11-30,1,2.8,-0.2
"1584","USS0021B60S",1999-12-01,0.5,2.7,-0.7
"1585","USS0021B60S",1999-12-02,-0.1,2.9,-1.9
"1586","USS0021B60S",1999-12-03,-0.7,1.5,-3.1
"1587","USS0021B60S",1999-12-04,3.1,5.8,-0.1
"1588","USS0021B60S",1999-12-05,-0.1,0.5,-0.7
"1589","USS0021B60S",1999-12-06,0,1.9,-1.4
"1590","USS0021B60S",1999-12-07,-2.4,-0.4,-4.5
"1591","USS0021B60S",1999-12-08,-0.9,0.9,-2.3
"1592","USS0021B60S",1999-12-09,-0.6,-0.1,-1.2
"1593","USS0021B60S",1999-12-10,-0.8,1.2,-1.7
"1594","USS0021B60S",1999-12-11,2.8,3.5,0.9
"1595","USS0021B60S",1999-12-12,0.1,2.7,-3.2
"1596","USS0021B60S",1999-12-13,-3,-1.9,-3.5
"1597","USS0021B60S",1999-12-14,-0.2,2.4,-2.5
"1598","USS0021B60S",1999-12-15,4.3,5.6,2.5
"1599","USS0021B60S",1999-12-16,3.2,4.4,0.9
"1600","USS0021B60S",1999-12-17,3.3,6.5,0.4
"1601","USS0021B60S",1999-12-18,0.4,1.9,-1.8
"1602","USS0021B60S",1999-12-19,-0.6,0.7,-2.8
"1603","USS0021B60S",1999-12-20,0,1.8,-2.3
"1604","USS0021B60S",1999-12-21,4.4,8.4,-2.5
"1605","USS0021B60S",1999-12-22,9.3,12.2,5.9
"1606","USS0021B60S",1999-12-23,9.4,11.2,8
"1607","USS0021B60S",1999-12-24,9,12.9,5.5
"1608","USS0021B60S",1999-12-25,10.6,12.3,8.2
"1609","USS0021B60S",1999-12-26,11.4,13.6,9.1
"1610","USS0021B60S",1999-12-27,11.6,13.5,9.4
"1611","USS0021B60S",1999-12-28,6,10.4,2.2
"1612","USS0021B60S",1999-12-29,-1,2.8,-4.3
"1613","USS0021B60S",1999-12-30,-1.8,0.7,-3
"1614","USS0021B60S",1999-12-31,-0.5,0.6,-1.6
"1615","USS0021B60S",2000-01-01,-2.1,-1,-2.7
"1616","USS0021B60S",2000-01-02,-4.1,-2.6,-5.1
"1617","USS0021B60S",2000-01-03,-1.6,1.6,-5.1
"1618","USS0021B60S",2000-01-04,-0.2,2.1,-1.6
"1619","USS0021B60S",2000-01-05,-2.3,-0.5,-4.7
"1620","USS0021B60S",2000-01-06,-0.4,3.5,-4.7
"1621","USS0021B60S",2000-01-07,0.3,0.8,-0.3
"1622","USS0021B60S",2000-01-08,-1.3,1.5,-3.6
"1623","USS0021B60S",2000-01-09,-3.2,0,-5.3
"1624","USS0021B60S",2000-01-10,-4,-2.1,-5.4
"1625","USS0021B60S",2000-01-11,-4.5,-2.7,-5.2
"1626","USS0021B60S",2000-01-12,-4.3,-2.1,-6
"1627","USS0021B60S",2000-01-13,-1,0.8,-2.8
"1628","USS0021B60S",2000-01-14,-1.2,0.7,-3.4
"1629","USS0021B60S",2000-01-15,-2.2,-0.1,-4
"1630","USS0021B60S",2000-01-16,0.1,2.1,-2.2
"1631","USS0021B60S",2000-01-17,-1.9,0.1,-3.5
"1632","USS0021B60S",2000-01-18,-1.3,1.9,-3.7
"1633","USS0021B60S",2000-01-19,0.9,3.4,-1.8
"1634","USS0021B60S",2000-01-20,1.2,3.9,-0.8
"1635","USS0021B60S",2000-01-21,-0.1,1.2,-1.1
"1636","USS0021B60S",2000-01-22,0.1,3.3,-2.1
"1637","USS0021B60S",2000-01-23,-0.9,4,-4.2
"1638","USS0021B60S",2000-01-24,0.7,3.6,-3.7
"1639","USS0021B60S",2000-01-25,0.8,3.6,-2.2
"1640","USS0021B60S",2000-01-26,-2.1,-0.4,-3
"1641","USS0021B60S",2000-01-27,-1.6,2.3,-3.6
"1642","USS0021B60S",2000-01-28,2.8,8.5,-2.7
"1643","USS0021B60S",2000-01-29,2.9,6.6,0.1
"1644","USS0021B60S",2000-01-30,0.1,4.2,-3.2
"1645","USS0021B60S",2000-01-31,0.6,4.4,-0.9
"1646","USS0021B60S",2000-02-01,1.2,3.1,-0.1
"1647","USS0021B60S",2000-02-02,0.8,3.9,-1
"1648","USS0021B60S",2000-02-03,5.7,8.1,1.6
"1649","USS0021B60S",2000-02-04,2.9,5.9,0.8
"1650","USS0021B60S",2000-02-05,3.9,6.7,1.2
"1651","USS0021B60S",2000-02-06,5,9.3,1.5
"1652","USS0021B60S",2000-02-07,6,11.6,1.4
"1653","USS0021B60S",2000-02-08,2.2,4.5,-1.3
"1654","USS0021B60S",2000-02-09,-0.9,4.2,-3.2
"1655","USS0021B60S",2000-02-10,0.3,8.6,-3.1
"1656","USS0021B60S",2000-02-11,-0.8,1.5,-3
"1657","USS0021B60S",2000-02-12,-1.1,1.7,-2.8
"1658","USS0021B60S",2000-02-13,-1.9,2.7,-5.3
"1659","USS0021B60S",2000-02-14,-0.8,2.7,-3.7
"1660","USS0021B60S",2000-02-15,-1.2,1.6,-2.7
"1661","USS0021B60S",2000-02-16,0,8.4,-3.1
"1662","USS0021B60S",2000-02-17,-1,6.8,-3.5
"1663","USS0021B60S",2000-02-18,-0.2,7.9,-3.9
"1664","USS0021B60S",2000-02-19,3.3,8.3,-0.6
"1665","USS0021B60S",2000-02-20,4.6,10.1,2.3
"1666","USS0021B60S",2000-02-21,2.9,3.9,1.3
"1667","USS0021B60S",2000-02-22,1.5,5.3,-1.4
"1668","USS0021B60S",2000-02-23,-0.6,4.2,-2.1
"1669","USS0021B60S",2000-02-24,-1.2,5.2,-3.7
"1670","USS0021B60S",2000-02-25,-0.9,5.7,-4.3
"1671","USS0021B60S",2000-02-26,1.4,7.3,-2
"1672","USS0021B60S",2000-02-27,2.1,6.1,-0.1
"1673","USS0021B60S",2000-02-28,0.1,1.7,-0.6
"1674","USS0021B60S",2000-02-29,1.5,9.1,-0.8
"1675","USS0021B60S",2000-03-01,0.8,7.2,-2
"1676","USS0021B60S",2000-03-02,1.2,2.6,0
"1677","USS0021B60S",2000-03-03,1.2,4.5,-0.3
"1678","USS0021B60S",2000-03-04,-0.7,2.4,-2.7
"1679","USS0021B60S",2000-03-05,-0.9,6.3,-2.8
"1680","USS0021B60S",2000-03-06,-2.1,2.4,-4.1
"1681","USS0021B60S",2000-03-07,0.7,7.5,-5.1
"1682","USS0021B60S",2000-03-08,1.8,6.1,-0.4
"1683","USS0021B60S",2000-03-09,1.8,11.6,-1.7
"1684","USS0021B60S",2000-03-10,2.6,9.6,-1.6
"1685","USS0021B60S",2000-03-11,-0.8,2.4,-1.7
"1686","USS0021B60S",2000-03-12,0.2,5.9,-3.2
"1687","USS0021B60S",2000-03-13,3.7,11.1,-0.2
"1688","USS0021B60S",2000-03-14,-0.9,1.3,-3.5
"1689","USS0021B60S",2000-03-15,2.6,10.8,-4.9
"1690","USS0021B60S",2000-03-16,-0.2,1.6,-2.3
"1691","USS0021B60S",2000-03-17,-1.1,0.4,-2.4
"1692","USS0021B60S",2000-03-18,0.7,2.7,-2.5
"1693","USS0021B60S",2000-03-19,-1.8,1.3,-4
"1694","USS0021B60S",2000-03-20,1,8.5,-4.6
"1695","USS0021B60S",2000-03-21,3.3,11.4,-0.3
"1696","USS0021B60S",2000-03-22,2.6,7.7,-2.2
"1697","USS0021B60S",2000-03-23,-0.5,3.9,-2.6
"1698","USS0021B60S",2000-03-24,3.8,12.1,-2.5
"1699","USS0021B60S",2000-03-25,1,3.3,-1.4
"1700","USS0021B60S",2000-03-26,5.2,16.6,-2.3
"1701","USS0021B60S",2000-03-27,1.2,5,-1.7
"1702","USS0021B60S",2000-03-28,-1.2,2.1,-3.2
"1703","USS0021B60S",2000-03-29,0.4,11.2,-3.2
"1704","USS0021B60S",2000-03-30,3.7,13.8,-2.8
"1705","USS0021B60S",2000-03-31,6.9,16.8,0.8
"1706","USS0021B60S",2000-04-01,6.8,13.2,4.2
"1707","USS0021B60S",2000-04-02,9.2,19.2,2.8
"1708","USS0021B60S",2000-04-03,11.5,21.5,5.4
"1709","USS0021B60S",2000-04-04,0.8,5.7,-1.7
"1710","USS0021B60S",2000-04-05,-1,1.5,-2.3
"1711","USS0021B60S",2000-04-06,-0.3,6.6,-2.6
"1712","USS0021B60S",2000-04-07,6.1,15.4,-3.5
"1713","USS0021B60S",2000-04-08,11.3,21.3,4.3
"1714","USS0021B60S",2000-04-09,5.4,11.9,1.8
"1715","USS0021B60S",2000-04-10,8,17.9,0.4
"1716","USS0021B60S",2000-04-11,11.7,22.6,5.3
"1717","USS0021B60S",2000-04-12,10.1,18.5,6.4
"1718","USS0021B60S",2000-04-13,6.1,12.8,1.3
"1719","USS0021B60S",2000-04-14,2.8,3.6,1.2
"1720","USS0021B60S",2000-04-15,2.5,8,0
"1721","USS0021B60S",2000-04-16,5,13.9,0.9
"1722","USS0021B60S",2000-04-17,8.7,18.4,1.6
"1723","USS0021B60S",2000-04-18,8.1,15.9,0.9
"1724","USS0021B60S",2000-04-19,5.2,14.1,-0.4
"1725","USS0021B60S",2000-04-20,8.2,18.4,2.2
"1726","USS0021B60S",2000-04-21,8.8,16.8,2.8
"1727","USS0021B60S",2000-04-22,1.8,5.3,-0.3
"1728","USS0021B60S",2000-04-23,-0.1,6.5,-3
"1729","USS0021B60S",2000-04-24,4.2,13.3,-4.9
"1730","USS0021B60S",2000-04-25,1.3,5.2,-0.1
"1731","USS0021B60S",2000-04-26,7.1,15.1,-1.6
"1732","USS0021B60S",2000-04-27,5.9,12.6,-0.3
"1733","USS0021B60S",2000-04-28,0.5,3.5,-0.6
"1734","USS0021B60S",2000-04-29,4.6,11.2,-0.9
"1735","USS0021B60S",2000-04-30,9.5,19.6,3.6
"1736","USS0021B60S",2000-05-01,6.6,14.8,3.2
"1737","USS0021B60S",2000-05-02,7.5,14.4,4.1
"1738","USS0021B60S",2000-05-03,2.6,6.5,0.2
"1739","USS0021B60S",2000-05-04,2.6,9.3,-0.5
"1740","USS0021B60S",2000-05-05,1,6.1,-0.4
"1741","USS0021B60S",2000-05-06,3.8,12.1,-0.6
"1742","USS0021B60S",2000-05-07,7.7,15.1,0.8
"1743","USS0021B60S",2000-05-08,4.6,9.8,1.7
"1744","USS0021B60S",2000-05-09,1.4,5.9,-0.4
"1745","USS0021B60S",2000-05-10,1.1,6.4,-0.4
"1746","USS0021B60S",2000-05-11,1,5.9,-0.6
"1747","USS0021B60S",2000-05-12,6,14.7,-1.4
"1748","USS0021B60S",2000-05-13,10,18.5,4.4
"1749","USS0021B60S",2000-05-14,11.7,19.9,6.4
"1750","USS0021B60S",2000-05-15,11.1,18.6,6.9
"1751","USS0021B60S",2000-05-16,10.8,18.3,4.4
"1752","USS0021B60S",2000-05-17,3.9,5.7,2
"1753","USS0021B60S",2000-05-18,8.2,15.4,2.9
"1754","USS0021B60S",2000-05-19,7.2,10.7,5.5
"1755","USS0021B60S",2000-05-20,8.4,14.4,5
"1756","USS0021B60S",2000-05-21,9.3,14.8,6
"1757","USS0021B60S",2000-05-22,8,15.1,3.3
"1758","USS0021B60S",2000-05-23,7.2,15,2.3
"1759","USS0021B60S",2000-05-24,8.4,14.8,2.8
"1760","USS0021B60S",2000-05-25,7.3,13.5,1.3
"1761","USS0021B60S",2000-05-26,6,8.8,2.9
"1762","USS0021B60S",2000-05-27,6.1,9.9,3.3
"1763","USS0021B60S",2000-05-28,4.3,9.2,2.9
"1764","USS0021B60S",2000-05-29,5.3,9.8,3.2
"1765","USS0021B60S",2000-05-30,3.3,4.1,1.8
"1766","USS0021B60S",2000-05-31,4,5.1,3
"1767","USS0021B60S",2000-06-01,9.8,14.8,3
"1768","USS0021B60S",2000-06-02,9.3,14.9,5.7
"1769","USS0021B60S",2000-06-03,15.8,24.6,5.6
"1770","USS0021B60S",2000-06-04,19.4,27.6,11.6
"1771","USS0021B60S",2000-06-05,8.7,14.4,5
"1772","USS0021B60S",2000-06-06,8.8,13.5,5.6
"1773","USS0021B60S",2000-06-07,9.1,13.2,6.3
"1774","USS0021B60S",2000-06-08,5.9,7.3,3.8
"1775","USS0021B60S",2000-06-09,5,10.5,1.8
"1776","USS0021B60S",2000-06-10,2.7,6.3,0.7
"1777","USS0021B60S",2000-06-11,4.7,8.5,1.1
"1778","USS0021B60S",2000-06-12,6.9,7.7,5.1
"1779","USS0021B60S",2000-06-13,7.3,9.4,4.9
"1780","USS0021B60S",2000-06-14,9,10.1,6.4
"1781","USS0021B60S",2000-06-15,8.3,14,5.2
"1782","USS0021B60S",2000-06-16,12.7,20,5
"1783","USS0021B60S",2000-06-17,16.4,24.4,9.4
"1784","USS0021B60S",2000-06-18,8.6,11.2,5.1
"1785","USS0021B60S",2000-06-19,6.8,11.6,4.1
"1786","USS0021B60S",2000-06-20,12.3,19.6,5.3
"1787","USS0021B60S",2000-06-21,11.4,16.3,6.9
"1788","USS0021B60S",2000-06-22,10.7,16.9,5.2
"1789","USS0021B60S",2000-06-23,10.9,16.5,5.2
"1790","USS0021B60S",2000-06-24,9.9,16.2,6.3
"1791","USS0021B60S",2000-06-25,17.3,24.3,8.1
"1792","USS0021B60S",2000-06-26,20.3,26.6,12.9
"1793","USS0021B60S",2000-06-27,22.8,29.5,16.1
"1794","USS0021B60S",2000-06-28,21.6,28,14.5
"1795","USS0021B60S",2000-06-29,15.8,22.7,9.4
"1796","USS0021B60S",2000-06-30,9.7,12.6,8
"1797","USS0021B60S",2000-07-01,7,9.6,4.4
"1798","USS0021B60S",2000-07-02,6.7,12.3,3.5
"1799","USS0021B60S",2000-07-03,4.9,7.4,3.6
"1800","USS0021B60S",2000-07-04,7.3,12.5,4.2
"1801","USS0021B60S",2000-07-05,10.9,17.9,4.9
"1802","USS0021B60S",2000-07-06,10.7,14.4,6.6
"1803","USS0021B60S",2000-07-07,14.2,21.8,7.9
"1804","USS0021B60S",2000-07-08,11.9,16.3,8.1
"1805","USS0021B60S",2000-07-09,8.5,11,6.7
"1806","USS0021B60S",2000-07-10,11.2,16.6,6.4
"1807","USS0021B60S",2000-07-11,10.1,13.2,8.8
"1808","USS0021B60S",2000-07-12,13.4,22.2,7.9
"1809","USS0021B60S",2000-07-13,12.6,19.3,8
"1810","USS0021B60S",2000-07-14,9.1,15.2,4.7
"1811","USS0021B60S",2000-07-15,13.8,22,4.7
"1812","USS0021B60S",2000-07-16,19.4,26.9,12.4
"1813","USS0021B60S",2000-07-17,18.5,25.8,11.1
"1814","USS0021B60S",2000-07-18,11.6,17,8
"1815","USS0021B60S",2000-07-19,12.2,18.9,7.9
"1816","USS0021B60S",2000-07-20,15,24,9.6
"1817","USS0021B60S",2000-07-21,18.9,27.7,11.7
"1818","USS0021B60S",2000-07-22,10.7,15.8,8.7
"1819","USS0021B60S",2000-07-23,11.6,18.5,8.3
"1820","USS0021B60S",2000-07-24,15.3,22.9,8.6
"1821","USS0021B60S",2000-07-25,12.4,15.9,9.2
"1822","USS0021B60S",2000-07-26,11.5,18.3,8.3
"1823","USS0021B60S",2000-07-27,14.6,23.5,9.1
"1824","USS0021B60S",2000-07-28,13.9,19.4,10.5
"1825","USS0021B60S",2000-07-29,17.6,25.3,11.1
"1826","USS0021B60S",2000-07-30,19.7,26.4,13.5
"1827","USS0021B60S",2000-07-31,17.8,24.1,12.4
"1828","USS0021B60S",2000-08-01,14.2,21.2,10.3
"1829","USS0021B60S",2000-08-02,15.6,23.2,8.9
"1830","USS0021B60S",2000-08-03,15.5,23.5,10.2
"1831","USS0021B60S",2000-08-04,17.2,25.2,11.7
"1832","USS0021B60S",2000-08-05,18.4,25.1,13
"1833","USS0021B60S",2000-08-06,16.5,21.8,10.1
"1834","USS0021B60S",2000-08-07,15.2,21.3,10
"1835","USS0021B60S",2000-08-08,16.9,25.2,11.2
"1836","USS0021B60S",2000-08-09,16.6,22.6,11.4
"1837","USS0021B60S",2000-08-10,10.7,15.3,7.5
"1838","USS0021B60S",2000-08-11,8.2,14.2,5.5
"1839","USS0021B60S",2000-08-12,10.5,18.6,5.6
"1840","USS0021B60S",2000-08-13,10.5,16.6,6.1
"1841","USS0021B60S",2000-08-14,9.8,17.1,5.2
"1842","USS0021B60S",2000-08-15,9.3,15.3,6.3
"1843","USS0021B60S",2000-08-16,12.1,20.6,6
"1844","USS0021B60S",2000-08-17,12.3,20.9,6.8
"1845","USS0021B60S",2000-08-18,8.7,11.2,7.2
"1846","USS0021B60S",2000-08-19,8.8,14.2,6.4
"1847","USS0021B60S",2000-08-20,9.5,14.8,7.1
"1848","USS0021B60S",2000-08-21,12.8,19.5,6.5
"1849","USS0021B60S",2000-08-22,17.6,25,11.6
"1850","USS0021B60S",2000-08-23,19.5,26.5,13.8
"1851","USS0021B60S",2000-08-24,15.6,20.9,11.3
"1852","USS0021B60S",2000-08-25,11.5,15.3,9.3
"1853","USS0021B60S",2000-08-26,8.3,11.1,6.6
"1854","USS0021B60S",2000-08-27,7.5,14.2,4.7
"1855","USS0021B60S",2000-08-28,11.7,20.3,5
"1856","USS0021B60S",2000-08-29,11.5,17.1,8.7
"1857","USS0021B60S",2000-08-30,10.5,12.9,9.5
"1858","USS0021B60S",2000-08-31,7.7,10.5,4.6
"1859","USS0021B60S",2000-09-01,7.9,15.8,3.8
"1860","USS0021B60S",2000-09-02,6.9,12.3,4.7
"1861","USS0021B60S",2000-09-03,7.3,12.6,3.6
"1862","USS0021B60S",2000-09-04,8.4,13.6,4.7
"1863","USS0021B60S",2000-09-05,7.5,12.6,5.2
"1864","USS0021B60S",2000-09-06,9,12.2,7
"1865","USS0021B60S",2000-09-07,9.7,15.2,6.2
"1866","USS0021B60S",2000-09-08,5.4,8.4,1.6
"1867","USS0021B60S",2000-09-09,5.9,7.2,4.7
"1868","USS0021B60S",2000-09-10,8.3,9.7,6.1
"1869","USS0021B60S",2000-09-11,10.5,18.6,5.3
"1870","USS0021B60S",2000-09-12,13.5,20,8.7
"1871","USS0021B60S",2000-09-13,17.4,25.1,10.5
"1872","USS0021B60S",2000-09-14,20.7,28.5,12.1
"1873","USS0021B60S",2000-09-15,13,20.5,8.8
"1874","USS0021B60S",2000-09-16,10.8,13.1,9.4
"1875","USS0021B60S",2000-09-17,12.8,18.6,9.8
"1876","USS0021B60S",2000-09-18,11.7,12.9,11.1
"1877","USS0021B60S",2000-09-19,12,15.5,9.5
"1878","USS0021B60S",2000-09-20,9.8,12.3,8.6
"1879","USS0021B60S",2000-09-21,8.3,13.1,5.3
"1880","USS0021B60S",2000-09-22,6.3,11.9,3.1
"1881","USS0021B60S",2000-09-23,9.2,17.5,3.7
"1882","USS0021B60S",2000-09-24,13,20,9.2
"1883","USS0021B60S",2000-09-25,13.7,20.7,9.9
"1884","USS0021B60S",2000-09-26,14.9,24.1,11
"1885","USS0021B60S",2000-09-27,15.2,25.3,9.3
"1886","USS0021B60S",2000-09-28,9.2,13.3,6.4
"1887","USS0021B60S",2000-09-29,9.5,10.7,7.5
"1888","USS0021B60S",2000-09-30,10,11.2,8.4
"1889","USS0021B60S",2000-10-01,5.5,8.8,3.4
"1890","USS0021B60S",2000-10-02,4.3,8.5,1.5
"1891","USS0021B60S",2000-10-03,4,9.6,1.4
"1892","USS0021B60S",2000-10-04,5.8,14.2,0.9
"1893","USS0021B60S",2000-10-05,9,16.2,6.1
"1894","USS0021B60S",2000-10-06,11.5,18.5,5.5
"1895","USS0021B60S",2000-10-07,14.2,19.8,8.7
"1896","USS0021B60S",2000-10-08,11,15,8.1
"1897","USS0021B60S",2000-10-09,7.9,11,6.5
"1898","USS0021B60S",2000-10-10,5.4,6.7,4.7
"1899","USS0021B60S",2000-10-11,6.5,10,4.4
"1900","USS0021B60S",2000-10-12,5.8,6.9,5.3
"1901","USS0021B60S",2000-10-13,6.1,7.4,5
"1902","USS0021B60S",2000-10-14,3.1,6.2,0.9
"1903","USS0021B60S",2000-10-15,4,6.7,0.8
"1904","USS0021B60S",2000-10-16,6.3,8.6,3.9
"1905","USS0021B60S",2000-10-17,10,15.2,6.5
"1906","USS0021B60S",2000-10-18,5.5,7.6,2.6
"1907","USS0021B60S",2000-10-19,6.7,10.6,1.8
"1908","USS0021B60S",2000-10-20,5.4,9.7,1.1
"1909","USS0021B60S",2000-10-21,1.7,5.3,0.2
"1910","USS0021B60S",2000-10-22,4.6,10.7,0.3
"1911","USS0021B60S",2000-10-23,9.5,13.5,6.4
"1912","USS0021B60S",2000-10-24,9.3,13.5,6.9
"1913","USS0021B60S",2000-10-25,10.1,14.3,7.6
"1914","USS0021B60S",2000-10-26,7.3,11,3.8
"1915","USS0021B60S",2000-10-27,5.4,7.9,2.9
"1916","USS0021B60S",2000-10-28,3.9,6.4,1.3
"1917","USS0021B60S",2000-10-29,4.1,7.5,1.5
"1918","USS0021B60S",2000-10-30,3.4,7.3,1.4
"1919","USS0021B60S",2000-10-31,1.5,3.8,-0.7
"1920","USS0021B60S",2000-11-01,2.3,7.2,-1
"1921","USS0021B60S",2000-11-02,4.6,7.3,2.6
"1922","USS0021B60S",2000-11-03,6.8,10.3,3.5
"1923","USS0021B60S",2000-11-04,2.4,8.4,-0.7
"1924","USS0021B60S",2000-11-05,1,3.2,0
"1925","USS0021B60S",2000-11-06,1.8,4.2,0.4
"1926","USS0021B60S",2000-11-07,2.4,5.1,0.2
"1927","USS0021B60S",2000-11-08,-0.7,1.5,-1.5
"1928","USS0021B60S",2000-11-09,-0.9,2.9,-3
"1929","USS0021B60S",2000-11-10,-3.4,1.1,-6.6
"1930","USS0021B60S",2000-11-11,-4.2,1.7,-7.1
"1931","USS0021B60S",2000-11-12,-2.4,4.5,-6.2
"1932","USS0021B60S",2000-11-13,-1.7,0.9,-4.3
"1933","USS0021B60S",2000-11-14,-3,1.3,-4.7
"1934","USS0021B60S",2000-11-15,-2.8,2.9,-4.2
"1935","USS0021B60S",2000-11-16,-2.9,1.9,-4.6
"1936","USS0021B60S",2000-11-17,0.1,4.5,-3.1
"1937","USS0021B60S",2000-11-18,2.4,5.5,-1.1
"1938","USS0021B60S",2000-11-19,5,7.8,3.6
"1939","USS0021B60S",2000-11-20,7,9.9,4.8
"1940","USS0021B60S",2000-11-21,4.1,6.5,1.5
"1941","USS0021B60S",2000-11-22,3.3,5.2,0.3
"1942","USS0021B60S",2000-11-23,3.1,6.4,0.7
"1943","USS0021B60S",2000-11-24,1.2,3.6,0
"1944","USS0021B60S",2000-11-25,2.1,4.1,0.3
"1945","USS0021B60S",2000-11-26,NA,NA,NA
"1946","USS0021B60S",2000-11-27,-1,1.7,-3.1
"1947","USS0021B60S",2000-11-28,0.1,3.4,-3.8
"1948","USS0021B60S",2000-11-29,1.2,3.7,-0.2
"1949","USS0021B60S",2000-11-30,1.7,3.6,-0.3
"1950","USS0021B60S",2000-12-01,4.5,7.7,1.9
"1951","USS0021B60S",2000-12-02,1,5,-1.6
"1952","USS0021B60S",2000-12-03,2.7,5.9,-0.4
"1953","USS0021B60S",2000-12-04,5.3,6.9,4.1
"1954","USS0021B60S",2000-12-05,7.1,9,4.6
"1955","USS0021B60S",2000-12-06,6.8,10.1,3.2
"1956","USS0021B60S",2000-12-07,4.3,6.6,2.6
"1957","USS0021B60S",2000-12-08,1.3,5.2,-1
"1958","USS0021B60S",2000-12-09,-2.6,-0.8,-4
"1959","USS0021B60S",2000-12-10,-5.3,-3.1,-8.5
"1960","USS0021B60S",2000-12-11,-6.6,-3.7,-9
"1961","USS0021B60S",2000-12-12,-4.9,1.1,-7.9
"1962","USS0021B60S",2000-12-13,-3.1,0.4,-5.5
"1963","USS0021B60S",2000-12-14,-2.6,0.1,-5.5
"1964","USS0021B60S",2000-12-15,-5.4,-2.7,-7.1
"1965","USS0021B60S",2000-12-16,0.8,4.3,-4.6
"1966","USS0021B60S",2000-12-17,-1.8,-0.2,-4
"1967","USS0021B60S",2000-12-18,3.8,8.6,-3.9
"1968","USS0021B60S",2000-12-19,-1.9,1.9,-4.5
"1969","USS0021B60S",2000-12-20,-0.8,0.9,-2.8
"1970","USS0021B60S",2000-12-21,2,4.3,0.3
"1971","USS0021B60S",2000-12-22,1,2.1,-0.2
"1972","USS0021B60S",2000-12-23,1.1,4.2,-0.6
"1973","USS0021B60S",2000-12-24,-0.2,0.9,-0.8
"1974","USS0021B60S",2000-12-25,4.2,8,0.8
"1975","USS0021B60S",2000-12-26,6.8,10.3,2.5
"1976","USS0021B60S",2000-12-27,1.7,3.5,-0.9
"1977","USS0021B60S",2000-12-28,5.8,7.9,2.7
"1978","USS0021B60S",2000-12-29,6.6,10.1,3.1
"1979","USS0021B60S",2000-12-30,4.9,7.7,3.3
"1980","USS0021B60S",2000-12-31,2,6.4,0.1
"1981","USS0021B60S",2001-01-01,4.6,10.2,-0.4
"1982","USS0021B60S",2001-01-02,10.2,12.6,7.9
"1983","USS0021B60S",2001-01-03,6,10.5,-0.1
"1984","USS0021B60S",2001-01-04,5.2,8.4,2.5
"1985","USS0021B60S",2001-01-05,1.8,5.1,-0.3
"1986","USS0021B60S",2001-01-06,2.1,8,-3.3
"1987","USS0021B60S",2001-01-07,6.4,8.7,2.2
"1988","USS0021B60S",2001-01-08,2.4,6.2,-1.1
"1989","USS0021B60S",2001-01-09,1.2,5,-2.6
"1990","USS0021B60S",2001-01-10,1.2,3.7,-0.3
"1991","USS0021B60S",2001-01-11,1.6,3.6,-0.2
"1992","USS0021B60S",2001-01-12,-0.1,2.3,-1.5
"1993","USS0021B60S",2001-01-13,-1.9,0.3,-3.2
"1994","USS0021B60S",2001-01-14,-2.5,-0.7,-4.9
"1995","USS0021B60S",2001-01-15,-3.6,0.8,-5.8
"1996","USS0021B60S",2001-01-16,-2.1,1.2,-5
"1997","USS0021B60S",2001-01-17,1.4,5.1,-1.2
"1998","USS0021B60S",2001-01-18,3.3,4.8,1.6
"1999","USS0021B60S",2001-01-19,0.3,2.8,-2.6
"2000","USS0021B60S",2001-01-20,3.1,5.2,-1.7
"2001","USS0021B60S",2001-01-21,1.4,3.1,-0.1
"2002","USS0021B60S",2001-01-22,2.6,5.1,-0.5
"2003","USS0021B60S",2001-01-23,4.2,6.1,1.1
"2004","USS0021B60S",2001-01-24,0.8,4.3,-1.2
"2005","USS0021B60S",2001-01-25,-0.5,3.3,-3.9
"2006","USS0021B60S",2001-01-26,-0.4,3,-2.5
"2007","USS0021B60S",2001-01-27,1,5.5,-2
"2008","USS0021B60S",2001-01-28,3.7,7,-1.3
"2009","USS0021B60S",2001-01-29,-1.7,1.5,-2.8
"2010","USS0021B60S",2001-01-30,-1.2,0,-2.7
"2011","USS0021B60S",2001-01-31,0.9,3.2,-0.3
"2012","USS0021B60S",2001-02-01,4,8.6,1.1
"2013","USS0021B60S",2001-02-02,-0.4,1.4,-1.6
"2014","USS0021B60S",2001-02-03,-0.4,5.6,-2
"2015","USS0021B60S",2001-02-04,1.9,3.3,0.1
"2016","USS0021B60S",2001-02-05,-2.4,-0.2,-5.1
"2017","USS0021B60S",2001-02-06,-4,-0.3,-7.3
"2018","USS0021B60S",2001-02-07,-6.8,-2.1,-9.1
"2019","USS0021B60S",2001-02-08,-2.9,0.1,-6.6
"2020","USS0021B60S",2001-02-09,-2.6,2.3,-5
"2021","USS0021B60S",2001-02-10,-3.2,2.1,-5.6
"2022","USS0021B60S",2001-02-11,-1.8,4.2,-4.2
"2023","USS0021B60S",2001-02-12,-1.9,5.4,-4.9
"2024","USS0021B60S",2001-02-13,-0.4,7.3,-4.2
"2025","USS0021B60S",2001-02-14,1.2,8,-2
"2026","USS0021B60S",2001-02-15,-1.7,1.9,-3.5
"2027","USS0021B60S",2001-02-16,-0.9,1.6,-3.9
"2028","USS0021B60S",2001-02-17,3,6.9,-0.4
"2029","USS0021B60S",2001-02-18,1,6.5,-1.2
"2030","USS0021B60S",2001-02-19,3.1,9.1,-0.5
"2031","USS0021B60S",2001-02-20,4.1,9.6,1.8
"2032","USS0021B60S",2001-02-21,3.2,9.2,-0.2
"2033","USS0021B60S",2001-02-22,1.7,10.3,-1
"2034","USS0021B60S",2001-02-23,-0.5,0.7,-1.3
"2035","USS0021B60S",2001-02-24,-1,2.9,-3.4
"2036","USS0021B60S",2001-02-25,-1.9,3,-4.5
"2037","USS0021B60S",2001-02-26,0.4,10.2,-4.5
"2038","USS0021B60S",2001-02-27,3.3,12.4,-1
"2039","USS0021B60S",2001-02-28,2.7,9.9,-1.5
"2040","USS0021B60S",2001-03-01,2,7.9,-2.3
"2041","USS0021B60S",2001-03-02,-2.4,2.7,-4.3
"2042","USS0021B60S",2001-03-03,-1.3,6.4,-5.6
"2043","USS0021B60S",2001-03-04,1.5,4.7,-3.6
"2044","USS0021B60S",2001-03-05,7.5,16.1,2.9
"2045","USS0021B60S",2001-03-06,9.1,17.1,5.2
"2046","USS0021B60S",2001-03-07,10,18.5,6
"2047","USS0021B60S",2001-03-08,1.1,6,-1.5
"2048","USS0021B60S",2001-03-09,0.3,4.9,-1.5
"2049","USS0021B60S",2001-03-10,-0.7,3.1,-2.1
"2050","USS0021B60S",2001-03-11,0.3,2.5,-1.3
"2051","USS0021B60S",2001-03-12,1.4,4.1,-0.2
"2052","USS0021B60S",2001-03-13,0.2,2.9,-2.1
"2053","USS0021B60S",2001-03-14,-0.1,6.6,-3
"2054","USS0021B60S",2001-03-15,-0.7,1.2,-2.4
"2055","USS0021B60S",2001-03-16,-1.2,2.5,-2.5
"2056","USS0021B60S",2001-03-17,1.9,6.7,-2.2
"2057","USS0021B60S",2001-03-18,3.8,5.7,0
"2058","USS0021B60S",2001-03-19,-0.5,5,-3.6
"2059","USS0021B60S",2001-03-20,2,10.1,-3.1
"2060","USS0021B60S",2001-03-21,2.4,11.2,-3.6
"2061","USS0021B60S",2001-03-22,5.6,14,0.6
"2062","USS0021B60S",2001-03-23,10.4,18.4,4.2
"2063","USS0021B60S",2001-03-24,10.2,15.5,4
"2064","USS0021B60S",2001-03-25,2.3,5.4,-0.9
"2065","USS0021B60S",2001-03-26,-0.6,2.9,-2.1
"2066","USS0021B60S",2001-03-27,-0.2,3.1,-3.9
"2067","USS0021B60S",2001-03-28,0.5,2.3,-1.7
"2068","USS0021B60S",2001-03-29,-0.5,1.4,-2.3
"2069","USS0021B60S",2001-03-30,2.8,13.4,-1
"2070","USS0021B60S",2001-03-31,2,4,-2
"2071","USS0021B60S",2001-04-01,-1.6,2.4,-3.9
"2072","USS0021B60S",2001-04-02,-1.3,6.9,-3.4
"2073","USS0021B60S",2001-04-03,-0.5,6.8,-2.8
"2074","USS0021B60S",2001-04-04,3,11.1,-3.5
"2075","USS0021B60S",2001-04-05,0.7,6.8,-1.5
"2076","USS0021B60S",2001-04-06,-0.6,6.2,-3.1
"2077","USS0021B60S",2001-04-07,-1.3,3.9,-3.5
"2078","USS0021B60S",2001-04-08,-0.5,4.8,-3.1
"2079","USS0021B60S",2001-04-09,0.3,4,-1.4
"2080","USS0021B60S",2001-04-10,-0.4,2,-2.1
"2081","USS0021B60S",2001-04-11,2.4,11.4,-3.5
"2082","USS0021B60S",2001-04-12,-0.5,5.3,-2.8
"2083","USS0021B60S",2001-04-13,-1.1,6.4,-4.5
"2084","USS0021B60S",2001-04-14,2.7,11.2,-5.6
"2085","USS0021B60S",2001-04-15,7.6,14.4,0.8
"2086","USS0021B60S",2001-04-16,9.8,16.9,2.2
"2087","USS0021B60S",2001-04-17,2.8,8.1,0.9
"2088","USS0021B60S",2001-04-18,2.9,9.3,0.2
"2089","USS0021B60S",2001-04-19,2.9,12.8,-0.5
"2090","USS0021B60S",2001-04-20,5.6,12.1,0
"2091","USS0021B60S",2001-04-21,5.5,13.1,0.9
"2092","USS0021B60S",2001-04-22,1.4,7.6,-1.7
"2093","USS0021B60S",2001-04-23,3.7,7.1,0.8
"2094","USS0021B60S",2001-04-24,10.7,18.1,3.6
"2095","USS0021B60S",2001-04-25,14.3,23,6.8
"2096","USS0021B60S",2001-04-26,11.3,18.6,4.8
"2097","USS0021B60S",2001-04-27,6.6,13.1,1.9
"2098","USS0021B60S",2001-04-28,1.2,7.4,-0.5
"2099","USS0021B60S",2001-04-29,1.2,3.3,-0.8
"2100","USS0021B60S",2001-04-30,0.5,2.3,-0.9
"2101","USS0021B60S",2001-05-01,0,2.4,-1.2
"2102","USS0021B60S",2001-05-02,4.3,13.2,-1.2
"2103","USS0021B60S",2001-05-03,7.4,14.6,0.7
"2104","USS0021B60S",2001-05-04,6.6,14.8,0.5
"2105","USS0021B60S",2001-05-05,0.6,8.1,-2.1
"2106","USS0021B60S",2001-05-06,7.1,15.6,-2.1
"2107","USS0021B60S",2001-05-07,11.7,19.8,5
"2108","USS0021B60S",2001-05-08,5.6,12.1,1.5
"2109","USS0021B60S",2001-05-09,5.4,12.2,-0.2
"2110","USS0021B60S",2001-05-10,7.1,14.3,-0.1
"2111","USS0021B60S",2001-05-11,14,22.3,5.2
"2112","USS0021B60S",2001-05-12,13.3,20.5,4.7
"2113","USS0021B60S",2001-05-13,6,12.4,3.6
"2114","USS0021B60S",2001-05-14,3.5,5.4,1.5
"2115","USS0021B60S",2001-05-15,4.1,12,0.6
"2116","USS0021B60S",2001-05-16,2.4,6.7,0.7
"2117","USS0021B60S",2001-05-17,3.4,7.2,-0.1
"2118","USS0021B60S",2001-05-18,4.9,10.6,1.5
"2119","USS0021B60S",2001-05-19,3.6,8.2,1
"2120","USS0021B60S",2001-05-20,6.8,13.8,-0.4
"2121","USS0021B60S",2001-05-21,14.4,22.7,4
"2122","USS0021B60S",2001-05-22,22.3,29.5,16.3
"2123","USS0021B60S",2001-05-23,19.9,26.4,10.7
"2124","USS0021B60S",2001-05-24,14,20.1,8.1
"2125","USS0021B60S",2001-05-25,14.6,22.8,7.2
"2126","USS0021B60S",2001-05-26,15.4,22.5,9.5
"2127","USS0021B60S",2001-05-27,10.1,15.8,3.9
"2128","USS0021B60S",2001-05-28,3,6.4,0.5
"2129","USS0021B60S",2001-05-29,4.5,12.4,0.1
"2130","USS0021B60S",2001-05-30,8.2,13.7,2.8
"2131","USS0021B60S",2001-05-31,19.1,28.1,8.9
"2132","USS0021B60S",2001-06-01,6.5,16.5,1.4
"2133","USS0021B60S",2001-06-02,1.8,5.4,-0.2
"2134","USS0021B60S",2001-06-03,3.1,7.2,-0.2
"2135","USS0021B60S",2001-06-04,4.4,6.4,2.8
"2136","USS0021B60S",2001-06-05,4.9,7.6,3.4
"2137","USS0021B60S",2001-06-06,7.1,13.5,4.7
"2138","USS0021B60S",2001-06-07,12.8,19.8,6.3
"2139","USS0021B60S",2001-06-08,12.8,20,8.3
"2140","USS0021B60S",2001-06-09,5.8,8.3,2.3
"2141","USS0021B60S",2001-06-10,4.1,8.7,0.4
"2142","USS0021B60S",2001-06-11,2,4.7,-0.2
"2143","USS0021B60S",2001-06-12,2.9,8.7,-0.2
"2144","USS0021B60S",2001-06-13,6.7,11.1,3.7
"2145","USS0021B60S",2001-06-14,6.7,11.2,4.9
"2146","USS0021B60S",2001-06-15,6.9,13.1,4.1
"2147","USS0021B60S",2001-06-16,7.5,14,4.3
"2148","USS0021B60S",2001-06-17,6.7,12.5,2.5
"2149","USS0021B60S",2001-06-18,8.6,15,2.7
"2150","USS0021B60S",2001-06-19,16.4,23.2,7.3
"2151","USS0021B60S",2001-06-20,18,25.2,11.5
"2152","USS0021B60S",2001-06-21,16.3,23.3,9.5
"2153","USS0021B60S",2001-06-22,9.5,13.4,7.2
"2154","USS0021B60S",2001-06-23,8.4,15.8,5.1
"2155","USS0021B60S",2001-06-24,5.3,8.7,3.1
"2156","USS0021B60S",2001-06-25,8.3,15.2,3.1
"2157","USS0021B60S",2001-06-26,12.8,18.1,8.9
"2158","USS0021B60S",2001-06-27,11.1,14,8.9
"2159","USS0021B60S",2001-06-28,8.6,13.9,5.2
"2160","USS0021B60S",2001-06-29,11.2,17.8,4.6
"2161","USS0021B60S",2001-06-30,12.7,18.9,7.2
"2162","USS0021B60S",2001-07-01,11.1,18.9,6.5
"2163","USS0021B60S",2001-07-02,15.6,23.3,7.7
"2164","USS0021B60S",2001-07-03,19.4,25.9,12
"2165","USS0021B60S",2001-07-04,17.8,24.8,9.2
"2166","USS0021B60S",2001-07-05,10.3,17.6,5.8
"2167","USS0021B60S",2001-07-06,11.5,20.2,5.1
"2168","USS0021B60S",2001-07-07,13.8,21.8,6.8
"2169","USS0021B60S",2001-07-08,16.1,23.6,9.1
"2170","USS0021B60S",2001-07-09,18.2,26.2,11.4
"2171","USS0021B60S",2001-07-10,18,25.2,11.9
"2172","USS0021B60S",2001-07-11,16.1,23,10.1
"2173","USS0021B60S",2001-07-12,15.3,22,10.5
"2174","USS0021B60S",2001-07-13,12.8,17.5,7.9
"2175","USS0021B60S",2001-07-14,10.7,16.2,6.6
"2176","USS0021B60S",2001-07-15,6.9,8.7,5.8
"2177","USS0021B60S",2001-07-16,6.5,9.8,5.4
"2178","USS0021B60S",2001-07-17,7.5,12.1,5.5
"2179","USS0021B60S",2001-07-18,8.8,13.1,6.4
"2180","USS0021B60S",2001-07-19,11.6,18.3,7.1
"2181","USS0021B60S",2001-07-20,11,13,8.4
"2182","USS0021B60S",2001-07-21,10.9,14.4,9.2
"2183","USS0021B60S",2001-07-22,12.1,16.7,9.3
"2184","USS0021B60S",2001-07-23,15,22.8,9.6
"2185","USS0021B60S",2001-07-24,12.7,18,9.2
"2186","USS0021B60S",2001-07-25,14,21.2,7.5
"2187","USS0021B60S",2001-07-26,14.2,21.6,9.2
"2188","USS0021B60S",2001-07-27,11.4,15.4,8.1
"2189","USS0021B60S",2001-07-28,7.6,9.1,6.1
"2190","USS0021B60S",2001-07-29,8.5,12.7,5.5
"2191","USS0021B60S",2001-07-30,10.4,14.5,8
"2192","USS0021B60S",2001-07-31,9,15.4,6.4
"2193","USS0021B60S",2001-08-01,11.7,16.4,6.3
"2194","USS0021B60S",2001-08-02,13.3,20.7,10.1
"2195","USS0021B60S",2001-08-03,11.9,15.1,10.2
"2196","USS0021B60S",2001-08-04,10.6,15.2,7.8
"2197","USS0021B60S",2001-08-05,13.1,18.1,8.2
"2198","USS0021B60S",2001-08-06,13.8,16.9,11.5
"2199","USS0021B60S",2001-08-07,12.8,21,9.6
"2200","USS0021B60S",2001-08-08,16.5,23.5,9.2
"2201","USS0021B60S",2001-08-09,22.7,29.2,16.8
"2202","USS0021B60S",2001-08-10,21.3,28.2,15.1
"2203","USS0021B60S",2001-08-11,18.9,25.2,13.7
"2204","USS0021B60S",2001-08-12,20.3,27.7,14
"2205","USS0021B60S",2001-08-13,18.4,24.2,13.8
"2206","USS0021B60S",2001-08-14,17.9,23.9,12.4
"2207","USS0021B60S",2001-08-15,19,26.1,12.9
"2208","USS0021B60S",2001-08-16,14.3,18.5,8.2
"2209","USS0021B60S",2001-08-17,10.7,14.8,8.5
"2210","USS0021B60S",2001-08-18,10.2,13.1,7.9
"2211","USS0021B60S",2001-08-19,9.6,15.4,6.5
"2212","USS0021B60S",2001-08-20,10.9,18.6,6.3
"2213","USS0021B60S",2001-08-21,10.2,11.7,7.7
"2214","USS0021B60S",2001-08-22,11,13.1,8.7
"2215","USS0021B60S",2001-08-23,7.8,9,6.3
"2216","USS0021B60S",2001-08-24,10.5,17.6,7.1
"2217","USS0021B60S",2001-08-25,15.5,24.3,8.4
"2218","USS0021B60S",2001-08-26,17.2,24.3,11.7
"2219","USS0021B60S",2001-08-27,14.2,21.3,9.5
"2220","USS0021B60S",2001-08-28,13.8,20,9.8
"2221","USS0021B60S",2001-08-29,15.6,24.2,10.7
"2222","USS0021B60S",2001-08-30,14.9,21,11.3
"2223","USS0021B60S",2001-08-31,11.8,15.9,9.6
"2224","USS0021B60S",2001-09-01,8.9,10.8,6.4
"2225","USS0021B60S",2001-09-02,11.3,18,6.1
"2226","USS0021B60S",2001-09-03,9.7,16,7.5
"2227","USS0021B60S",2001-09-04,10.2,17,5.9
"2228","USS0021B60S",2001-09-05,5.7,7.7,4.6
"2229","USS0021B60S",2001-09-06,7.5,12.2,4.8
"2230","USS0021B60S",2001-09-07,9,15,6.5
"2231","USS0021B60S",2001-09-08,13.4,20.3,8
"2232","USS0021B60S",2001-09-09,13.7,19.7,9.3
"2233","USS0021B60S",2001-09-10,13.5,19.8,8.9
"2234","USS0021B60S",2001-09-11,15.2,22,10.6
"2235","USS0021B60S",2001-09-12,15.3,22.7,11.4
"2236","USS0021B60S",2001-09-13,15.3,21.4,11.5
"2237","USS0021B60S",2001-09-14,16.6,23.3,12.4
"2238","USS0021B60S",2001-09-15,15.7,21.2,11.1
"2239","USS0021B60S",2001-09-16,12.4,18.2,8.2
"2240","USS0021B60S",2001-09-17,8.5,11.2,5.8
"2241","USS0021B60S",2001-09-18,8,11.7,5.8
"2242","USS0021B60S",2001-09-19,7.3,14.8,5.1
"2243","USS0021B60S",2001-09-20,10.8,17.7,5.6
"2244","USS0021B60S",2001-09-21,9.4,11.3,7.7
"2245","USS0021B60S",2001-09-22,16.3,25.1,9.9
"2246","USS0021B60S",2001-09-23,19,27.3,14.5
"2247","USS0021B60S",2001-09-24,16.4,23.5,12.3
"2248","USS0021B60S",2001-09-25,10.4,16.3,8.1
"2249","USS0021B60S",2001-09-26,6.7,9.2,3.8
"2250","USS0021B60S",2001-09-27,6.3,12,1.7
"2251","USS0021B60S",2001-09-28,7.3,14.5,3.1
"2252","USS0021B60S",2001-09-29,11.6,17.9,7.3
"2253","USS0021B60S",2001-09-30,15.8,23.7,11.5
"2254","USS0021B60S",2001-10-01,13.8,20.3,7.8
"2255","USS0021B60S",2001-10-02,10.1,17,7.1
"2256","USS0021B60S",2001-10-03,10.1,17.6,6
"2257","USS0021B60S",2001-10-04,13.2,17.8,8.7
"2258","USS0021B60S",2001-10-05,10.8,19,5.7
"2259","USS0021B60S",2001-10-06,5.2,9.1,3.1
"2260","USS0021B60S",2001-10-07,5.1,7.5,3.4
"2261","USS0021B60S",2001-10-08,3.6,7.4,1.5
"2262","USS0021B60S",2001-10-09,3.2,5.9,1.3
"2263","USS0021B60S",2001-10-10,4.5,7.3,1.6
"2264","USS0021B60S",2001-10-11,2.1,4.6,0
"2265","USS0021B60S",2001-10-12,4.1,7.3,0.4
"2266","USS0021B60S",2001-10-13,3.2,6.1,2.1
"2267","USS0021B60S",2001-10-14,6.6,9.1,4.6
"2268","USS0021B60S",2001-10-15,10.4,14.6,6.9
"2269","USS0021B60S",2001-10-16,5.1,12.1,0.2
"2270","USS0021B60S",2001-10-17,1.8,4.8,0.2
"2271","USS0021B60S",2001-10-18,3.3,5,0
"2272","USS0021B60S",2001-10-19,5,7.2,1.4
"2273","USS0021B60S",2001-10-20,3.3,7.5,0.1
"2274","USS0021B60S",2001-10-21,3.6,5.4,0.2
"2275","USS0021B60S",2001-10-22,3.4,6.6,1.3
"2276","USS0021B60S",2001-10-23,0.8,2.5,-0.5
"2277","USS0021B60S",2001-10-24,0.1,1.1,-1.2
"2278","USS0021B60S",2001-10-25,4.5,8.9,0.8
"2279","USS0021B60S",2001-10-26,8,12.4,3.8
"2280","USS0021B60S",2001-10-27,0.1,3.8,-3.4
"2281","USS0021B60S",2001-10-28,0.9,7.1,-3.9
"2282","USS0021B60S",2001-10-29,4.7,9.3,1.3
"2283","USS0021B60S",2001-10-30,5.9,7.1,4.4
"2284","USS0021B60S",2001-10-31,2.6,4.5,1.1
"2285","USS0021B60S",2001-11-01,3.7,5.5,2.5
"2286","USS0021B60S",2001-11-02,5.7,7.4,3.4
"2287","USS0021B60S",2001-11-03,8.8,12.7,4.7
"2288","USS0021B60S",2001-11-04,5.3,10.3,1.7
"2289","USS0021B60S",2001-11-05,0.1,1.7,-1.9
"2290","USS0021B60S",2001-11-06,0.3,2.4,-1.3
"2291","USS0021B60S",2001-11-07,3,6.3,-0.8
"2292","USS0021B60S",2001-11-08,8.5,12,7.1
"2293","USS0021B60S",2001-11-09,9.6,12.6,7.8
"2294","USS0021B60S",2001-11-10,11.4,14.9,9.2
"2295","USS0021B60S",2001-11-11,10,11.9,7.7
"2296","USS0021B60S",2001-11-12,8,10.9,5.3
"2297","USS0021B60S",2001-11-13,5.7,8,4.5
"2298","USS0021B60S",2001-11-14,8.1,9.5,7.2
"2299","USS0021B60S",2001-11-15,6.3,10.4,3.4
"2300","USS0021B60S",2001-11-16,2.9,4.2,1.1
"2301","USS0021B60S",2001-11-17,0.9,3.9,-1.5
"2302","USS0021B60S",2001-11-18,4.8,7,1.5
"2303","USS0021B60S",2001-11-19,6.2,8.1,4.5
"2304","USS0021B60S",2001-11-20,4.1,7,2.4
"2305","USS0021B60S",2001-11-21,2.7,4,1.6
"2306","USS0021B60S",2001-11-22,1.2,3.1,-0.3
"2307","USS0021B60S",2001-11-23,-0.6,0.5,-1.9
"2308","USS0021B60S",2001-11-24,0.2,1.5,-1.1
"2309","USS0021B60S",2001-11-25,-1.3,0.3,-2.6
"2310","USS0021B60S",2001-11-26,-1.1,-0.3,-1.6
"2311","USS0021B60S",2001-11-27,-1.4,0.1,-2.4
"2312","USS0021B60S",2001-11-28,-1.3,1.1,-3
"2313","USS0021B60S",2001-11-29,-1.8,0.3,-3.3
"2314","USS0021B60S",2001-11-30,-0.9,1.2,-2.4
"2315","USS0021B60S",2001-12-01,0.5,1.8,-1
"2316","USS0021B60S",2001-12-02,-1,2,-2.7
"2317","USS0021B60S",2001-12-03,-3,-1.8,-4.8
"2318","USS0021B60S",2001-12-04,-3,-2.4,-3.6
"2319","USS0021B60S",2001-12-05,-3.2,-1.5,-4
"2320","USS0021B60S",2001-12-06,-0.6,0.1,-1.7
"2321","USS0021B60S",2001-12-07,1.1,4.9,-1.2
"2322","USS0021B60S",2001-12-08,2.8,8.2,-2
"2323","USS0021B60S",2001-12-09,-3,-0.5,-4.2
"2324","USS0021B60S",2001-12-10,-1.8,1.4,-3.5
"2325","USS0021B60S",2001-12-11,-1.9,2.9,-3.7
"2326","USS0021B60S",2001-12-12,0.1,2.9,-4.1
"2327","USS0021B60S",2001-12-13,1.9,3.5,-0.5
"2328","USS0021B60S",2001-12-14,-2.9,-0.4,-4.7
"2329","USS0021B60S",2001-12-15,-0.8,3,-4.1
"2330","USS0021B60S",2001-12-16,3.3,4.8,0
"2331","USS0021B60S",2001-12-17,-3.4,-0.2,-5.9
"2332","USS0021B60S",2001-12-18,-1.9,0,-3.1
"2333","USS0021B60S",2001-12-19,-1,2.9,-3.1
"2334","USS0021B60S",2001-12-20,0.3,4,-1.3
"2335","USS0021B60S",2001-12-21,-0.2,2.7,-1.8
"2336","USS0021B60S",2001-12-22,0.4,2.5,-1.8
"2337","USS0021B60S",2001-12-23,1.3,3.3,-0.9
"2338","USS0021B60S",2001-12-24,2.9,5.5,-0.9
"2339","USS0021B60S",2001-12-25,1.6,3.8,-0.4
"2340","USS0021B60S",2001-12-26,1.8,4.2,-0.4
"2341","USS0021B60S",2001-12-27,4.9,7.2,0.1
"2342","USS0021B60S",2001-12-28,2.5,7.5,0
"2343","USS0021B60S",2001-12-29,3.8,6.2,1.9
"2344","USS0021B60S",2001-12-30,3.5,5,2.2
"2345","USS0021B60S",2001-12-31,2.5,4.4,1.1
"2346","USS0021B60S",2002-01-01,3.9,6.1,1.9
"2347","USS0021B60S",2002-01-02,4,6.2,1.3
"2348","USS0021B60S",2002-01-03,1.1,2.3,0.1
"2349","USS0021B60S",2002-01-04,2.6,6.2,-0.2
"2350","USS0021B60S",2002-01-05,4,6.9,2.3
"2351","USS0021B60S",2002-01-06,5.6,8.3,3
"2352","USS0021B60S",2002-01-07,6.5,7.8,3.9
"2353","USS0021B60S",2002-01-08,2.7,4.5,1.2
"2354","USS0021B60S",2002-01-09,2.4,4.5,0
"2355","USS0021B60S",2002-01-10,3.8,6.4,1.3
"2356","USS0021B60S",2002-01-11,6.8,9,3.9
"2357","USS0021B60S",2002-01-12,0.6,7.8,-2.1
"2358","USS0021B60S",2002-01-13,-2.1,1,-4.1
"2359","USS0021B60S",2002-01-14,-4.5,-2,-5.8
"2360","USS0021B60S",2002-01-15,-4.6,-2.1,-7
"2361","USS0021B60S",2002-01-16,-4.1,-1.8,-6.4
"2362","USS0021B60S",2002-01-17,-4.1,-1.2,-6.7
"2363","USS0021B60S",2002-01-18,-2.3,-0.7,-4.5
"2364","USS0021B60S",2002-01-19,-2,-0.9,-2.8
"2365","USS0021B60S",2002-01-20,-1.3,-0.1,-2.7
"2366","USS0021B60S",2002-01-21,-4.1,-2.7,-4.9
"2367","USS0021B60S",2002-01-22,-3.9,-3.2,-4.7
"2368","USS0021B60S",2002-01-23,-2.3,0.9,-4.6
"2369","USS0021B60S",2002-01-24,0.1,0.9,-0.4
"2370","USS0021B60S",2002-01-25,-2.4,-0.1,-4
"2371","USS0021B60S",2002-01-26,-5.7,-3.1,-7.6
"2372","USS0021B60S",2002-01-27,-5.5,-3,-7.8
"2373","USS0021B60S",2002-01-28,-6.6,-3.1,-8.7
"2374","USS0021B60S",2002-01-29,-6.2,-4.6,-8.4
"2375","USS0021B60S",2002-01-30,-1.9,-0.2,-4.7
"2376","USS0021B60S",2002-01-31,-1.2,0.1,-2.1
"2377","USS0021B60S",2002-02-01,-1.5,-0.3,-3
"2378","USS0021B60S",2002-02-02,0.4,4.7,-3.4
"2379","USS0021B60S",2002-02-03,-0.3,2.4,-3.3
"2380","USS0021B60S",2002-02-04,3.2,8.6,-2.9
"2381","USS0021B60S",2002-02-05,2.2,5.8,-0.8
"2382","USS0021B60S",2002-02-06,0.2,1.6,-1
"2383","USS0021B60S",2002-02-07,-0.5,3.7,-3.1
"2384","USS0021B60S",2002-02-08,-1.4,-0.2,-3.2
"2385","USS0021B60S",2002-02-09,2.4,6.6,-2.8
"2386","USS0021B60S",2002-02-10,3.4,8.2,-2.8
"2387","USS0021B60S",2002-02-11,-4.1,-0.4,-6.6
"2388","USS0021B60S",2002-02-12,2.5,7.2,-3.7
"2389","USS0021B60S",2002-02-13,-0.5,4.5,-3.3
"2390","USS0021B60S",2002-02-14,1.8,8.8,-4
"2391","USS0021B60S",2002-02-15,5.2,11.9,0.2
"2392","USS0021B60S",2002-02-16,2.8,8.1,-0.1
"2393","USS0021B60S",2002-02-17,1.1,4.8,-0.3
"2394","USS0021B60S",2002-02-18,1.5,4.4,-0.7
"2395","USS0021B60S",2002-02-19,0.2,3.1,-1.4
"2396","USS0021B60S",2002-02-20,1.6,7.7,-2.8
"2397","USS0021B60S",2002-02-21,4.9,6.2,1.1
"2398","USS0021B60S",2002-02-22,4.4,5,3.9
"2399","USS0021B60S",2002-02-23,0.7,5,-3
"2400","USS0021B60S",2002-02-24,-4.5,-0.4,-8
"2401","USS0021B60S",2002-02-25,-3.1,3.6,-7.5
"2402","USS0021B60S",2002-02-26,-1,6.4,-4.6
"2403","USS0021B60S",2002-02-27,-1.4,3.6,-4.5
"2404","USS0021B60S",2002-02-28,-2.7,6.1,-6.2
"2405","USS0021B60S",2002-03-01,-2.7,6,-6.4
"2406","USS0021B60S",2002-03-02,1,11.7,-4.2
"2407","USS0021B60S",2002-03-03,4.2,14.7,-0.7
"2408","USS0021B60S",2002-03-04,3.4,9,-0.1
"2409","USS0021B60S",2002-03-05,-1.6,0.1,-3.5
"2410","USS0021B60S",2002-03-06,-4.5,-1.8,-7.4
"2411","USS0021B60S",2002-03-07,-6.6,-3.6,-8.1
"2412","USS0021B60S",2002-03-08,-6.5,-4.6,-8.5
"2413","USS0021B60S",2002-03-09,-1.4,4,-5.8
"2414","USS0021B60S",2002-03-10,0,1.6,-1.4
"2415","USS0021B60S",2002-03-11,1.6,3.2,-0.9
"2416","USS0021B60S",2002-03-12,-1.5,-0.5,-2
"2417","USS0021B60S",2002-03-13,-1.7,1.4,-2.5
"2418","USS0021B60S",2002-03-14,-2.2,-1,-3.4
"2419","USS0021B60S",2002-03-15,-2.5,2.3,-5.2
"2420","USS0021B60S",2002-03-16,-3.1,3.2,-6.3
"2421","USS0021B60S",2002-03-17,-4.2,1.9,-6.9
"2422","USS0021B60S",2002-03-18,-3.9,-1,-6.3
"2423","USS0021B60S",2002-03-19,-1.7,-1.3,-2.3
"2424","USS0021B60S",2002-03-20,-0.4,6.5,-2.4
"2425","USS0021B60S",2002-03-21,3.5,8.9,-2.9
"2426","USS0021B60S",2002-03-22,7,13.1,2.1
"2427","USS0021B60S",2002-03-23,4.7,11.6,0.7
"2428","USS0021B60S",2002-03-24,2.5,7,1.2
"2429","USS0021B60S",2002-03-25,3.1,8.9,-0.2
"2430","USS0021B60S",2002-03-26,0.7,2.7,-2.9
"2431","USS0021B60S",2002-03-27,-1.6,0.2,-4.3
"2432","USS0021B60S",2002-03-28,-0.1,1.7,-1.1
"2433","USS0021B60S",2002-03-29,0.1,2.6,-1.8
"2434","USS0021B60S",2002-03-30,2.5,11.4,-0.4
"2435","USS0021B60S",2002-03-31,2.1,7,-0.1
"2436","USS0021B60S",2002-04-01,1.6,10.4,-2.2
"2437","USS0021B60S",2002-04-02,4.2,12.7,-2.3
"2438","USS0021B60S",2002-04-03,6.3,15.2,-0.6
"2439","USS0021B60S",2002-04-04,10.7,23.3,2.9
"2440","USS0021B60S",2002-04-05,4.8,10.8,2.5
"2441","USS0021B60S",2002-04-06,2,3.7,0.3
"2442","USS0021B60S",2002-04-07,1.1,6.8,-1.4
"2443","USS0021B60S",2002-04-08,6.9,16.1,-2.7
"2444","USS0021B60S",2002-04-09,3.9,7.3,2.2
"2445","USS0021B60S",2002-04-10,3.3,8.2,0.4
"2446","USS0021B60S",2002-04-11,4.5,11.9,2
"2447","USS0021B60S",2002-04-12,4.1,5.7,3.4
"2448","USS0021B60S",2002-04-13,5.8,6.8,5
"2449","USS0021B60S",2002-04-14,-1.6,4.9,-3.6
"2450","USS0021B60S",2002-04-15,-0.9,2.4,-2.5
"2451","USS0021B60S",2002-04-16,0.1,10.6,-3
"2452","USS0021B60S",2002-04-17,1.3,8.7,-1.9
"2453","USS0021B60S",2002-04-18,3.6,13.3,-0.6
"2454","USS0021B60S",2002-04-19,4.2,15.4,-0.7
"2455","USS0021B60S",2002-04-20,3,9.7,0.6
"2456","USS0021B60S",2002-04-21,2,5.3,0.6
"2457","USS0021B60S",2002-04-22,0,1.8,-2.6
"2458","USS0021B60S",2002-04-23,0.5,9.4,-4
"2459","USS0021B60S",2002-04-24,6.6,16.1,-2
"2460","USS0021B60S",2002-04-25,5.8,13.3,0.4
"2461","USS0021B60S",2002-04-26,1.9,6.7,-1
"2462","USS0021B60S",2002-04-27,2.4,6.6,-0.4
"2463","USS0021B60S",2002-04-28,6.1,14.7,0.1
"2464","USS0021B60S",2002-04-29,9.7,18.3,2.1
"2465","USS0021B60S",2002-04-30,10.8,20.7,4.4
"2466","USS0021B60S",2002-05-01,7.3,17.5,2.3
"2467","USS0021B60S",2002-05-02,1.3,3.4,-1.7
"2468","USS0021B60S",2002-05-03,1.8,8.1,-1.9
"2469","USS0021B60S",2002-05-04,-0.5,2,-1.9
"2470","USS0021B60S",2002-05-05,-0.8,0.9,-3.8
"2471","USS0021B60S",2002-05-06,-1.9,3.4,-3.9
"2472","USS0021B60S",2002-05-07,0.4,8.6,-3.5
"2473","USS0021B60S",2002-05-08,4.9,13.7,-2
"2474","USS0021B60S",2002-05-09,2.4,8.5,-0.3
"2475","USS0021B60S",2002-05-10,5.2,14.8,-0.9
"2476","USS0021B60S",2002-05-11,9.1,18.5,0.9
"2477","USS0021B60S",2002-05-12,14.2,21.3,8
"2478","USS0021B60S",2002-05-13,4,11.1,0.2
"2479","USS0021B60S",2002-05-14,2.2,8.4,-0.2
"2480","USS0021B60S",2002-05-15,4.4,10.8,-2.2
"2481","USS0021B60S",2002-05-16,8.9,17.9,0.2
"2482","USS0021B60S",2002-05-17,6.2,13.8,1.7
"2483","USS0021B60S",2002-05-18,7.7,13.7,4.3
"2484","USS0021B60S",2002-05-19,9.1,18.4,4.6
"2485","USS0021B60S",2002-05-20,5.4,9.8,2.5
"2486","USS0021B60S",2002-05-21,3.8,10.8,2.6
"2487","USS0021B60S",2002-05-22,3.5,10.9,1.7
"2488","USS0021B60S",2002-05-23,5.5,13.3,2
"2489","USS0021B60S",2002-05-24,10.6,19.1,1.5
"2490","USS0021B60S",2002-05-25,8.8,14.3,5.5
"2491","USS0021B60S",2002-05-26,9.1,15.1,5.8
"2492","USS0021B60S",2002-05-27,10.1,20.2,6.3
"2493","USS0021B60S",2002-05-28,8.6,15.5,5.9
"2494","USS0021B60S",2002-05-29,7.6,12.8,4.6
"2495","USS0021B60S",2002-05-30,8.8,17.9,2.9
"2496","USS0021B60S",2002-05-31,8.5,16.1,3.1
"2497","USS0021B60S",2002-06-01,9.3,16.3,4.4
"2498","USS0021B60S",2002-06-02,9.8,16.8,3.5
"2499","USS0021B60S",2002-06-03,11.1,17.7,4.5
"2500","USS0021B60S",2002-06-04,8,11.7,5.6
"2501","USS0021B60S",2002-06-05,7.1,13.8,2.5
"2502","USS0021B60S",2002-06-06,3.9,9.2,0.6
"2503","USS0021B60S",2002-06-07,2.1,8.7,-0.2
"2504","USS0021B60S",2002-06-08,3.4,8.6,-0.2
"2505","USS0021B60S",2002-06-09,11.2,19.3,3.8
"2506","USS0021B60S",2002-06-10,11.9,18.7,6.5
"2507","USS0021B60S",2002-06-11,14.9,21.7,7.3
"2508","USS0021B60S",2002-06-12,19.5,27.3,10.3
"2509","USS0021B60S",2002-06-13,21.1,27.7,15.5
"2510","USS0021B60S",2002-06-14,15.6,21.6,8
"2511","USS0021B60S",2002-06-15,11.6,18.5,5.9
"2512","USS0021B60S",2002-06-16,8,10.8,6.1
"2513","USS0021B60S",2002-06-17,8,12.9,4.3
"2514","USS0021B60S",2002-06-18,5.7,9.5,3.5
"2515","USS0021B60S",2002-06-19,8.2,15.1,4.4
"2516","USS0021B60S",2002-06-20,16,23.5,6.5
"2517","USS0021B60S",2002-06-21,19.1,26,12.8
"2518","USS0021B60S",2002-06-22,16.7,22.4,10.4
"2519","USS0021B60S",2002-06-23,11.5,16.3,8.7
"2520","USS0021B60S",2002-06-24,13.3,20.6,7.1
"2521","USS0021B60S",2002-06-25,20.4,27.7,10.3
"2522","USS0021B60S",2002-06-26,20.4,27.8,14.1
"2523","USS0021B60S",2002-06-27,11.4,14.2,6.5
"2524","USS0021B60S",2002-06-28,9.2,12.7,5.5
"2525","USS0021B60S",2002-06-29,8.2,12.4,5.9
"2526","USS0021B60S",2002-06-30,7.5,11.4,5.7
"2527","USS0021B60S",2002-07-01,7.8,15.8,3.9
"2528","USS0021B60S",2002-07-02,10.3,18.1,4.6
"2529","USS0021B60S",2002-07-03,7.7,11.7,4.9
"2530","USS0021B60S",2002-07-04,6,10.3,3.4
"2531","USS0021B60S",2002-07-05,11.7,20.1,3.3
"2532","USS0021B60S",2002-07-06,16.7,23.1,10.2
"2533","USS0021B60S",2002-07-07,15.9,23.6,11
"2534","USS0021B60S",2002-07-08,8.6,12.1,6.6
"2535","USS0021B60S",2002-07-09,19.3,28.6,7.7
"2536","USS0021B60S",2002-07-10,24.6,32.1,17.7
"2537","USS0021B60S",2002-07-11,19.7,24.9,14.2
"2538","USS0021B60S",2002-07-12,20.6,27.6,13.2
"2539","USS0021B60S",2002-07-13,18.2,25,11.4
"2540","USS0021B60S",2002-07-14,11.4,18.6,7.5
"2541","USS0021B60S",2002-07-15,14.8,22.3,7.1
"2542","USS0021B60S",2002-07-16,16.9,24.4,10.2
"2543","USS0021B60S",2002-07-17,16.4,23.6,10.9
"2544","USS0021B60S",2002-07-18,15.1,22.4,10.9
"2545","USS0021B60S",2002-07-19,11.4,15.9,8.7
"2546","USS0021B60S",2002-07-20,13.7,20.1,7.7
"2547","USS0021B60S",2002-07-21,18.4,25.5,10.6
"2548","USS0021B60S",2002-07-22,24.2,31.2,18.1
"2549","USS0021B60S",2002-07-23,21.5,27,15.9
"2550","USS0021B60S",2002-07-24,20.1,27.6,13.8
"2551","USS0021B60S",2002-07-25,16.2,21,12.1
"2552","USS0021B60S",2002-07-26,11.1,12.5,9.3
"2553","USS0021B60S",2002-07-27,11.2,17,7.3
"2554","USS0021B60S",2002-07-28,10.8,12.4,8.9
"2555","USS0021B60S",2002-07-29,11,14.2,9.1
"2556","USS0021B60S",2002-07-30,10.5,14.1,6.1
"2557","USS0021B60S",2002-07-31,9.6,16.5,4.4
"2558","USS0021B60S",2002-08-01,13.2,20,7.5
"2559","USS0021B60S",2002-08-02,9.2,15.5,5
"2560","USS0021B60S",2002-08-03,10.7,17.1,5.4
"2561","USS0021B60S",2002-08-04,7.2,11.1,5.3
"2562","USS0021B60S",2002-08-05,8.4,13.4,5.8
"2563","USS0021B60S",2002-08-06,7.2,9.5,5.5
"2564","USS0021B60S",2002-08-07,10.4,17.6,5.4
"2565","USS0021B60S",2002-08-08,13.3,22.1,7.1
"2566","USS0021B60S",2002-08-09,16.2,22.3,10.3
"2567","USS0021B60S",2002-08-10,13.7,19.6,9.8
"2568","USS0021B60S",2002-08-11,14.7,22.2,8.9
"2569","USS0021B60S",2002-08-12,19,26.1,10.8
"2570","USS0021B60S",2002-08-13,22.8,28.9,17.9
"2571","USS0021B60S",2002-08-14,19.2,25.6,14.1
"2572","USS0021B60S",2002-08-15,17.7,24.7,11.5
"2573","USS0021B60S",2002-08-16,15.1,23.3,8.2
"2574","USS0021B60S",2002-08-17,15,21.7,9.1
"2575","USS0021B60S",2002-08-18,14.1,22,7.7
"2576","USS0021B60S",2002-08-19,12.7,18.9,8.6
"2577","USS0021B60S",2002-08-20,8.7,9.4,8
"2578","USS0021B60S",2002-08-21,9.4,12.5,7.5
"2579","USS0021B60S",2002-08-22,13.9,21.5,8.4
"2580","USS0021B60S",2002-08-23,16.9,24.1,11.8
"2581","USS0021B60S",2002-08-24,16.6,22.4,12.3
"2582","USS0021B60S",2002-08-25,11.8,14.1,10.5
"2583","USS0021B60S",2002-08-26,11.3,14.5,9.5
"2584","USS0021B60S",2002-08-27,17,27.4,9.2
"2585","USS0021B60S",2002-08-28,21.1,28.6,15.2
"2586","USS0021B60S",2002-08-29,15.9,21.6,8.1
"2587","USS0021B60S",2002-08-30,9.7,12.9,7
"2588","USS0021B60S",2002-08-31,14.1,21.2,8.1
"2589","USS0021B60S",2002-09-01,10.9,13.4,9.5
"2590","USS0021B60S",2002-09-02,11,13.4,7.2
"2591","USS0021B60S",2002-09-03,7,13.5,4.5
"2592","USS0021B60S",2002-09-04,8.1,16.2,3.5
"2593","USS0021B60S",2002-09-05,8.7,15.5,4.7
"2594","USS0021B60S",2002-09-06,8.8,16.1,4.9
"2595","USS0021B60S",2002-09-07,6.8,12.1,4.9
"2596","USS0021B60S",2002-09-08,8,12.6,4.1
"2597","USS0021B60S",2002-09-09,13,20.1,8.1
"2598","USS0021B60S",2002-09-10,15.6,22.2,10.8
"2599","USS0021B60S",2002-09-11,16.3,23.8,10.4
"2600","USS0021B60S",2002-09-12,16.3,23.7,12.4
"2601","USS0021B60S",2002-09-13,18,25.6,11.6
"2602","USS0021B60S",2002-09-14,17.8,24.1,11.3
"2603","USS0021B60S",2002-09-15,10.1,12.7,8.5
"2604","USS0021B60S",2002-09-16,8.2,9.9,5.8
"2605","USS0021B60S",2002-09-17,7,11.1,4.2
"2606","USS0021B60S",2002-09-18,8.6,12.9,3.8
"2607","USS0021B60S",2002-09-19,9.4,12.7,4.2
"2608","USS0021B60S",2002-09-20,6.7,11.8,3.2
"2609","USS0021B60S",2002-09-21,11,19.3,4.2
"2610","USS0021B60S",2002-09-22,15,22.3,11.1
"2611","USS0021B60S",2002-09-23,15.1,24.3,10.6
"2612","USS0021B60S",2002-09-24,12.7,18.5,9.8
"2613","USS0021B60S",2002-09-25,12.7,20.5,9.5
"2614","USS0021B60S",2002-09-26,10.7,16,6.6
"2615","USS0021B60S",2002-09-27,9.2,14.1,5.7
"2616","USS0021B60S",2002-09-28,11.9,18.3,6.7
"2617","USS0021B60S",2002-09-29,4.2,7.8,1.1
"2618","USS0021B60S",2002-09-30,2.6,8.9,0.9
"2619","USS0021B60S",2002-10-01,3.7,9.6,0.3
"2620","USS0021B60S",2002-10-02,5.7,9.4,2.2
"2621","USS0021B60S",2002-10-03,8,9.8,5.5
"2622","USS0021B60S",2002-10-04,7.2,10.3,5.4
"2623","USS0021B60S",2002-10-05,6.1,7.9,3.6
"2624","USS0021B60S",2002-10-06,9.4,16.9,6.8
"2625","USS0021B60S",2002-10-07,8,11.5,4.8
"2626","USS0021B60S",2002-10-08,8,14,4.9
"2627","USS0021B60S",2002-10-09,5.8,8.1,3.8
"2628","USS0021B60S",2002-10-10,2.9,6.7,-0.1
"2629","USS0021B60S",2002-10-11,1.6,5.1,0.3
"2630","USS0021B60S",2002-10-12,7.7,15.1,0.8
"2631","USS0021B60S",2002-10-13,9.1,15.6,5.9
"2632","USS0021B60S",2002-10-14,11,17.8,7.3
"2633","USS0021B60S",2002-10-15,13.8,19,11.2
"2634","USS0021B60S",2002-10-16,13.9,19.7,11.2
"2635","USS0021B60S",2002-10-17,13.1,19.5,9.9
"2636","USS0021B60S",2002-10-18,8.2,14.6,2.9
"2637","USS0021B60S",2002-10-19,8.1,9.9,4.3
"2638","USS0021B60S",2002-10-20,8.5,10.8,7.3
"2639","USS0021B60S",2002-10-21,6.8,8.6,5.3
"2640","USS0021B60S",2002-10-22,8.6,13.7,3.9
"2641","USS0021B60S",2002-10-23,8.5,14.3,4.9
"2642","USS0021B60S",2002-10-24,5.2,10.3,3
"2643","USS0021B60S",2002-10-25,3.5,9.3,0.7
"2644","USS0021B60S",2002-10-26,2.8,7.7,0
"2645","USS0021B60S",2002-10-27,3.6,8,1.3
"2646","USS0021B60S",2002-10-28,2.2,3.9,-0.1
"2647","USS0021B60S",2002-10-29,0.5,4.1,-2.5
"2648","USS0021B60S",2002-10-30,-1.6,2.9,-3.2
"2649","USS0021B60S",2002-10-31,0,4.2,-3.6
"2650","USS0021B60S",2002-11-01,3.9,7.6,1.8
"2651","USS0021B60S",2002-11-02,4,8,2.5
"2652","USS0021B60S",2002-11-03,3.6,7.6,1.2
"2653","USS0021B60S",2002-11-04,4.4,7.7,1.3
"2654","USS0021B60S",2002-11-05,7.7,10.9,4.4
"2655","USS0021B60S",2002-11-06,8,11.6,5.6
"2656","USS0021B60S",2002-11-07,6.8,10.7,4.2
"2657","USS0021B60S",2002-11-08,3,4.9,2.3
"2658","USS0021B60S",2002-11-09,1.8,4.3,-0.1
"2659","USS0021B60S",2002-11-10,2.4,4,0.4
"2660","USS0021B60S",2002-11-11,4,5.5,3
"2661","USS0021B60S",2002-11-12,5.4,6.7,2.4
"2662","USS0021B60S",2002-11-13,4.1,5.6,3.3
"2663","USS0021B60S",2002-11-14,2.9,4.2,1.4
"2664","USS0021B60S",2002-11-15,6.7,10.8,2.4
"2665","USS0021B60S",2002-11-16,5,9.1,1.8
"2666","USS0021B60S",2002-11-17,2,3,1
"2667","USS0021B60S",2002-11-18,3.5,6.4,1.6
"2668","USS0021B60S",2002-11-19,7.6,8.3,6.5
"2669","USS0021B60S",2002-11-20,13,16.1,6.9
"2670","USS0021B60S",2002-11-21,10.8,14.6,6.2
"2671","USS0021B60S",2002-11-22,5.9,9.5,4.7
"2672","USS0021B60S",2002-11-23,3.3,4.8,1.5
"2673","USS0021B60S",2002-11-24,1.5,2.5,0.5
"2674","USS0021B60S",2002-11-25,5,8.6,0.7
"2675","USS0021B60S",2002-11-26,8.5,10.7,6.2
"2676","USS0021B60S",2002-11-27,11.4,13.1,9.3
"2677","USS0021B60S",2002-11-28,11.1,13.6,8.1
"2678","USS0021B60S",2002-11-29,10.7,12.4,8.6
"2679","USS0021B60S",2002-11-30,10.2,13.2,8
"2680","USS0021B60S",2002-12-01,3,8.3,1.6
"2681","USS0021B60S",2002-12-02,2.2,4.7,0.6
"2682","USS0021B60S",2002-12-03,2.1,4.8,-0.6
"2683","USS0021B60S",2002-12-04,3.4,4.4,2.2
"2684","USS0021B60S",2002-12-05,5.4,8,2.1
"2685","USS0021B60S",2002-12-06,6.3,7.9,4.8
"2686","USS0021B60S",2002-12-07,5.4,7,3.5
"2687","USS0021B60S",2002-12-08,7.7,10.8,5
"2688","USS0021B60S",2002-12-09,5.7,8.4,2.4
"2689","USS0021B60S",2002-12-10,0.6,2.7,-0.5
"2690","USS0021B60S",2002-12-11,1.6,5.7,-0.6
"2691","USS0021B60S",2002-12-12,3.9,7.2,-0.2
"2692","USS0021B60S",2002-12-13,1.8,4.4,-0.2
"2693","USS0021B60S",2002-12-14,4.7,7,3
"2694","USS0021B60S",2002-12-15,2,4.5,0.5
"2695","USS0021B60S",2002-12-16,0.1,1.8,-0.8
"2696","USS0021B60S",2002-12-17,-1,0.7,-2.1
"2697","USS0021B60S",2002-12-18,-1.9,0,-3.3
"2698","USS0021B60S",2002-12-19,0.2,1.5,-1.3
"2699","USS0021B60S",2002-12-20,0.3,1.8,-0.8
"2700","USS0021B60S",2002-12-21,-0.5,2.9,-1.8
"2701","USS0021B60S",2002-12-22,-0.7,2.4,-2.7
"2702","USS0021B60S",2002-12-23,-1.8,0.2,-3.5
"2703","USS0021B60S",2002-12-24,-1.8,0.6,-3.4
"2704","USS0021B60S",2002-12-25,0.8,2.7,-0.5
"2705","USS0021B60S",2002-12-26,-1.5,0.7,-2.9
"2706","USS0021B60S",2002-12-27,0.5,3.6,-1.3
"2707","USS0021B60S",2002-12-28,-0.5,1.8,-2.5
"2708","USS0021B60S",2002-12-29,-3.2,-0.7,-5.3
"2709","USS0021B60S",2002-12-30,-0.1,1.2,-2.5
"2710","USS0021B60S",2002-12-31,-0.6,1.4,-2.6
"2711","USS0021B60S",2003-01-01,1.2,5.6,-0.6
"2712","USS0021B60S",2003-01-02,4.7,6.9,2.8
"2713","USS0021B60S",2003-01-03,4,6.4,1.7
"2714","USS0021B60S",2003-01-04,4,7.3,1.2
"2715","USS0021B60S",2003-01-05,3.9,10.4,-0.4
"2716","USS0021B60S",2003-01-06,11,13,8.9
"2717","USS0021B60S",2003-01-07,8.2,10.5,6.8
"2718","USS0021B60S",2003-01-08,7.2,9.5,5
"2719","USS0021B60S",2003-01-09,2.8,6.6,-0.7
"2720","USS0021B60S",2003-01-10,0.6,2.4,-2.7
"2721","USS0021B60S",2003-01-11,3.8,7,1.7
"2722","USS0021B60S",2003-01-12,2.4,3.5,0.6
"2723","USS0021B60S",2003-01-13,3.7,6.4,0.8
"2724","USS0021B60S",2003-01-14,-0.2,1.8,-2.8
"2725","USS0021B60S",2003-01-15,2.2,6,-2.5
"2726","USS0021B60S",2003-01-16,4.8,8.6,1.7
"2727","USS0021B60S",2003-01-17,8.9,12.4,5.2
"2728","USS0021B60S",2003-01-18,8.7,12.2,2.2
"2729","USS0021B60S",2003-01-19,1.3,3.9,-0.9
"2730","USS0021B60S",2003-01-20,3.4,5.9,0.7
"2731","USS0021B60S",2003-01-21,3.1,5.1,1.7
"2732","USS0021B60S",2003-01-22,4,6.2,2.1
"2733","USS0021B60S",2003-01-23,2.8,4.3,1.6
"2734","USS0021B60S",2003-01-24,4.3,5.4,1.8
"2735","USS0021B60S",2003-01-25,6.6,8.9,4.7
"2736","USS0021B60S",2003-01-26,6.1,9.4,2.4
"2737","USS0021B60S",2003-01-27,0.9,2.4,-0.1
"2738","USS0021B60S",2003-01-28,1.2,4.9,-0.2
"2739","USS0021B60S",2003-01-29,2.8,4.2,0.6
"2740","USS0021B60S",2003-01-30,5,7.8,3.6
"2741","USS0021B60S",2003-01-31,3.7,7.3,1.3
"2742","USS0021B60S",2003-02-01,0.6,1.5,0
"2743","USS0021B60S",2003-02-02,0.3,1.7,-0.6
"2744","USS0021B60S",2003-02-03,-0.9,1.5,-2.3
"2745","USS0021B60S",2003-02-04,-2.4,1.8,-4.8
"2746","USS0021B60S",2003-02-05,-0.3,3.6,-4.4
"2747","USS0021B60S",2003-02-06,1.5,7.8,-0.8
"2748","USS0021B60S",2003-02-07,1.9,7.4,-0.5
"2749","USS0021B60S",2003-02-08,1.6,6.8,-0.9
"2750","USS0021B60S",2003-02-09,0.4,5.5,-2.1
"2751","USS0021B60S",2003-02-10,-1.1,2.7,-4.5
"2752","USS0021B60S",2003-02-11,5.6,12.3,1.4
"2753","USS0021B60S",2003-02-12,5.9,10.7,2.6
"2754","USS0021B60S",2003-02-13,5.7,9.5,1.6
"2755","USS0021B60S",2003-02-14,2.8,6,1
"2756","USS0021B60S",2003-02-15,4.1,6,2.2
"2757","USS0021B60S",2003-02-16,0.1,2.7,-1.4
"2758","USS0021B60S",2003-02-17,0.2,5,-1.1
"2759","USS0021B60S",2003-02-18,0.3,3.4,-2.5
"2760","USS0021B60S",2003-02-19,0.8,4,-0.7
"2761","USS0021B60S",2003-02-20,0.7,2.7,-1.2
"2762","USS0021B60S",2003-02-21,0.8,2.3,-0.8
"2763","USS0021B60S",2003-02-22,-1,3,-2.9
"2764","USS0021B60S",2003-02-23,-3.6,1,-6.1
"2765","USS0021B60S",2003-02-24,-4.2,5.3,-8.3
"2766","USS0021B60S",2003-02-25,0.8,9.9,-4.4
"2767","USS0021B60S",2003-02-26,0.6,6.7,-3.9
"2768","USS0021B60S",2003-02-27,-0.8,7,-5.3
"2769","USS0021B60S",2003-02-28,-0.9,3.6,-3.7
"2770","USS0021B60S",2003-03-01,0.5,8.4,-3.9
"2771","USS0021B60S",2003-03-02,-0.1,1.5,-1.1
"2772","USS0021B60S",2003-03-03,-0.6,5.4,-3.7
"2773","USS0021B60S",2003-03-04,-0.5,2.1,-2.3
"2774","USS0021B60S",2003-03-05,-0.8,-0.1,-2.7
"2775","USS0021B60S",2003-03-06,-2.5,-1.6,-3
"2776","USS0021B60S",2003-03-07,-3.2,-1.1,-4.5
"2777","USS0021B60S",2003-03-08,-1.5,1.1,-4.4
"2778","USS0021B60S",2003-03-09,1.9,3.2,0.2
"2779","USS0021B60S",2003-03-10,3.2,4.7,2.5
"2780","USS0021B60S",2003-03-11,2.5,3.7,1.6
"2781","USS0021B60S",2003-03-12,4.4,6.6,1.5
"2782","USS0021B60S",2003-03-13,5.6,6.7,4.4
"2783","USS0021B60S",2003-03-14,5.3,9.9,2.9
"2784","USS0021B60S",2003-03-15,4.3,11.2,0.3
"2785","USS0021B60S",2003-03-16,1.6,9.3,-0.1
"2786","USS0021B60S",2003-03-17,1,7.2,-1.7
"2787","USS0021B60S",2003-03-18,0.7,5.9,-2.3
"2788","USS0021B60S",2003-03-19,4.6,8.1,0.6
"2789","USS0021B60S",2003-03-20,1.2,3.5,-0.2
"2790","USS0021B60S",2003-03-21,1.5,4,-0.2
"2791","USS0021B60S",2003-03-22,1.3,3.5,-2.1
"2792","USS0021B60S",2003-03-23,-1.3,1.3,-3.3
"2793","USS0021B60S",2003-03-24,0.8,10,-5.9
"2794","USS0021B60S",2003-03-25,2.4,7.2,-0.6
"2795","USS0021B60S",2003-03-26,-0.4,1.8,-1.6
"2796","USS0021B60S",2003-03-27,1.1,7.1,-1.3
"2797","USS0021B60S",2003-03-28,4.4,11.3,-1.5
"2798","USS0021B60S",2003-03-29,8.2,15.8,3.8
"2799","USS0021B60S",2003-03-30,9.2,14.4,5.7
"2800","USS0021B60S",2003-03-31,2.8,6.3,0.1
"2801","USS0021B60S",2003-04-01,0,5.4,-2.8
"2802","USS0021B60S",2003-04-02,-0.2,9.8,-5
"2803","USS0021B60S",2003-04-03,-1.9,2.4,-2.9
"2804","USS0021B60S",2003-04-04,-0.3,7.5,-4.1
"2805","USS0021B60S",2003-04-05,-1.5,1.7,-3.6
"2806","USS0021B60S",2003-04-06,1.1,8.1,-1.8
"2807","USS0021B60S",2003-04-07,2.9,5.4,-0.4
"2808","USS0021B60S",2003-04-08,7.3,16,1.8
"2809","USS0021B60S",2003-04-09,3.5,11,-2
"2810","USS0021B60S",2003-04-10,5.7,9.2,3
"2811","USS0021B60S",2003-04-11,5.6,14.7,1
"2812","USS0021B60S",2003-04-12,7,14.1,3.2
"2813","USS0021B60S",2003-04-13,3.5,9.8,-0.2
"2814","USS0021B60S",2003-04-14,2.6,9.7,-0.2
"2815","USS0021B60S",2003-04-15,2.3,9.7,-0.1
"2816","USS0021B60S",2003-04-16,3.1,11.4,-0.2
"2817","USS0021B60S",2003-04-17,0.6,4.6,-0.8
"2818","USS0021B60S",2003-04-18,2.2,10.6,-1.8
"2819","USS0021B60S",2003-04-19,5.7,12.2,-0.6
"2820","USS0021B60S",2003-04-20,8.9,16.9,4.4
"2821","USS0021B60S",2003-04-21,3.9,7,2.5
"2822","USS0021B60S",2003-04-22,2.5,4.3,0.6
"2823","USS0021B60S",2003-04-23,3.6,8.9,0.2
"2824","USS0021B60S",2003-04-24,0.4,2.8,-0.7
"2825","USS0021B60S",2003-04-25,5.4,15,-2.2
"2826","USS0021B60S",2003-04-26,2.4,8.2,-0.7
"2827","USS0021B60S",2003-04-27,5.4,13.9,0.2
"2828","USS0021B60S",2003-04-28,9.7,16.4,5.3
"2829","USS0021B60S",2003-04-29,7.8,12.2,3.8
"2830","USS0021B60S",2003-04-30,4.7,6.9,3.6
"2831","USS0021B60S",2003-05-01,7,12.2,3.8
"2832","USS0021B60S",2003-05-02,7.5,13.9,3
"2833","USS0021B60S",2003-05-03,2.6,7.3,0.1
"2834","USS0021B60S",2003-05-04,1.5,6.3,-0.7
"2835","USS0021B60S",2003-05-05,1.8,10.3,-1.6
"2836","USS0021B60S",2003-05-06,2.3,8.9,-2.1
"2837","USS0021B60S",2003-05-07,2.4,7.3,-1.2
"2838","USS0021B60S",2003-05-08,4,9.9,-1
"2839","USS0021B60S",2003-05-09,6.1,10.4,2.6
"2840","USS0021B60S",2003-05-10,6.7,11.2,2.7
"2841","USS0021B60S",2003-05-11,7.9,13.7,4.7
"2842","USS0021B60S",2003-05-12,6.6,10.3,4.1
"2843","USS0021B60S",2003-05-13,10.8,18.3,3.7
"2844","USS0021B60S",2003-05-14,5.2,10.7,0.8
"2845","USS0021B60S",2003-05-15,0.1,4.5,-1.2
"2846","USS0021B60S",2003-05-16,0,5.9,-1.9
"2847","USS0021B60S",2003-05-17,NA,NA,NA
"2848","USS0021B60S",2003-05-18,NA,NA,NA
"2849","USS0021B60S",2003-05-19,NA,NA,NA
"2850","USS0021B60S",2003-05-20,7,10.1,5.5
"2851","USS0021B60S",2003-05-21,8,11.7,5.4
"2852","USS0021B60S",2003-05-22,10.2,12.2,9
"2853","USS0021B60S",2003-05-23,16.9,23.4,9
"2854","USS0021B60S",2003-05-24,13.9,21.4,8
"2855","USS0021B60S",2003-05-25,6.6,9.1,3.8
"2856","USS0021B60S",2003-05-26,9,16.7,2.6
"2857","USS0021B60S",2003-05-27,15.9,25.8,6.1
"2858","USS0021B60S",2003-05-28,14,19.3,7.6
"2859","USS0021B60S",2003-05-29,14.5,22.4,6.4
"2860","USS0021B60S",2003-05-30,13.2,19.2,6.9
"2861","USS0021B60S",2003-05-31,8.4,15.1,5.1
"2862","USS0021B60S",2003-06-01,8.2,12.7,4.7
"2863","USS0021B60S",2003-06-02,8.5,16.8,3.1
"2864","USS0021B60S",2003-06-03,11.9,19.3,4.1
"2865","USS0021B60S",2003-06-04,17.9,25.9,9
"2866","USS0021B60S",2003-06-05,22.2,29.4,15.7
"2867","USS0021B60S",2003-06-06,23.6,29.7,17.2
"2868","USS0021B60S",2003-06-07,22.1,29.5,14.4
"2869","USS0021B60S",2003-06-08,14.5,19.8,9
"2870","USS0021B60S",2003-06-09,8.5,10.3,7
"2871","USS0021B60S",2003-06-10,6.5,7.4,5.4
"2872","USS0021B60S",2003-06-11,9.7,16.1,6.5
"2873","USS0021B60S",2003-06-12,11.5,18.2,6.4
"2874","USS0021B60S",2003-06-13,7.2,8.7,5.2
"2875","USS0021B60S",2003-06-14,8.4,15,4.2
"2876","USS0021B60S",2003-06-15,10.7,17.9,5.8
"2877","USS0021B60S",2003-06-16,16.4,24.4,7.5
"2878","USS0021B60S",2003-06-17,21.1,28.3,11.5
"2879","USS0021B60S",2003-06-18,9.3,12.2,6.7
"2880","USS0021B60S",2003-06-19,5.5,7,4.5
"2881","USS0021B60S",2003-06-20,4.2,6.2,2.9
"2882","USS0021B60S",2003-06-21,4.1,7.6,1.8
"2883","USS0021B60S",2003-06-22,5.4,8.1,3.5
"2884","USS0021B60S",2003-06-23,6.6,10.4,3.3
"2885","USS0021B60S",2003-06-24,9.8,14.9,6.8
"2886","USS0021B60S",2003-06-25,14.6,22,6.7
"2887","USS0021B60S",2003-06-26,17.4,24.5,10.4
"2888","USS0021B60S",2003-06-27,16.7,23.8,10.8
"2889","USS0021B60S",2003-06-28,21.5,30,12.4
"2890","USS0021B60S",2003-06-29,20,28.3,9.2
"2891","USS0021B60S",2003-06-30,8.8,11.9,6.2
"2892","USS0021B60S",2003-07-01,8.1,13.8,5
"2893","USS0021B60S",2003-07-02,9.5,16.6,3
"2894","USS0021B60S",2003-07-03,11.7,18.7,5.2
"2895","USS0021B60S",2003-07-04,13,20.4,6.7
"2896","USS0021B60S",2003-07-05,11.2,17.7,8
"2897","USS0021B60S",2003-07-06,13.7,21.4,7.6
"2898","USS0021B60S",2003-07-07,13.8,19.2,8.9
"2899","USS0021B60S",2003-07-08,8.9,14.1,6.7
"2900","USS0021B60S",2003-07-09,16.7,25.3,7.6
"2901","USS0021B60S",2003-07-10,21.8,29.3,13.1
"2902","USS0021B60S",2003-07-11,17.5,24.1,11.9
"2903","USS0021B60S",2003-07-12,15.5,24.9,10.1
"2904","USS0021B60S",2003-07-13,9.9,12.7,8.5
"2905","USS0021B60S",2003-07-14,13.6,20.6,8.2
"2906","USS0021B60S",2003-07-15,14.2,21.1,10.5
"2907","USS0021B60S",2003-07-16,11.7,20.5,7.6
"2908","USS0021B60S",2003-07-17,15.3,24.2,6.5
"2909","USS0021B60S",2003-07-18,19.3,26.9,13.2
"2910","USS0021B60S",2003-07-19,19.7,28.2,13.2
"2911","USS0021B60S",2003-07-20,16.8,25.4,12.4
"2912","USS0021B60S",2003-07-21,19.7,28.2,12.6
"2913","USS0021B60S",2003-07-22,19.7,27.6,13.5
"2914","USS0021B60S",2003-07-23,17.4,24.6,11.3
"2915","USS0021B60S",2003-07-24,14.7,22.2,9.1
"2916","USS0021B60S",2003-07-25,15.7,23.4,8.4
"2917","USS0021B60S",2003-07-26,15.4,22.4,9.1
"2918","USS0021B60S",2003-07-27,18.4,26.2,11
"2919","USS0021B60S",2003-07-28,21.3,29.7,13.5
"2920","USS0021B60S",2003-07-29,23.3,31.4,16.3
"2921","USS0021B60S",2003-07-30,22.7,30.1,16.5
"2922","USS0021B60S",2003-07-31,19.1,26.2,12
"2923","USS0021B60S",2003-08-01,15.9,23.3,10.1
"2924","USS0021B60S",2003-08-02,15.1,22.9,10.8
"2925","USS0021B60S",2003-08-03,13.5,17.8,9.3
"2926","USS0021B60S",2003-08-04,15.8,24.2,8.9
"2927","USS0021B60S",2003-08-05,15.8,22.2,9.7
"2928","USS0021B60S",2003-08-06,13,21.6,8.3
"2929","USS0021B60S",2003-08-07,14.5,20.5,9.2
"2930","USS0021B60S",2003-08-08,15.1,22.8,10.3
"2931","USS0021B60S",2003-08-09,14.7,20.4,10.9
"2932","USS0021B60S",2003-08-10,13.1,18.3,9.7
"2933","USS0021B60S",2003-08-11,11.8,18.4,8.3
"2934","USS0021B60S",2003-08-12,11.4,18.6,7.3
"2935","USS0021B60S",2003-08-13,14.4,22,8
"2936","USS0021B60S",2003-08-14,20.8,28.2,10.4
"2937","USS0021B60S",2003-08-15,17.9,25,10.2
"2938","USS0021B60S",2003-08-16,10.5,13.5,9.1
"2939","USS0021B60S",2003-08-17,15.6,24,10.4
"2940","USS0021B60S",2003-08-18,17.2,25.5,12.1
"2941","USS0021B60S",2003-08-19,15,21,9
"2942","USS0021B60S",2003-08-20,15.6,24.8,8.2
"2943","USS0021B60S",2003-08-21,18.6,26.2,11.6
"2944","USS0021B60S",2003-08-22,12.9,19.8,7.5
"2945","USS0021B60S",2003-08-23,9.7,15.7,4
"2946","USS0021B60S",2003-08-24,13.6,21.2,6.8
"2947","USS0021B60S",2003-08-25,18.3,26.2,11.9
"2948","USS0021B60S",2003-08-26,11.4,16.3,8.9
"2949","USS0021B60S",2003-08-27,11,18.4,8.6
"2950","USS0021B60S",2003-08-28,15,23.9,8.2
"2951","USS0021B60S",2003-08-29,18.1,26.4,12.6
"2952","USS0021B60S",2003-08-30,20,28.4,12.8
"2953","USS0021B60S",2003-08-31,15.1,22.9,9.5
"2954","USS0021B60S",2003-09-01,15.1,24.6,8.9
"2955","USS0021B60S",2003-09-02,22.8,29.3,16.3
"2956","USS0021B60S",2003-09-03,23.7,30.8,17.4
"2957","USS0021B60S",2003-09-04,20.3,28.6,15.8
"2958","USS0021B60S",2003-09-05,19.5,26.7,15
"2959","USS0021B60S",2003-09-06,18.3,26.6,10.4
"2960","USS0021B60S",2003-09-07,10,13.7,7.4
"2961","USS0021B60S",2003-09-08,7.3,9.5,6
"2962","USS0021B60S",2003-09-09,9.1,13.3,5.2
"2963","USS0021B60S",2003-09-10,9.2,10.3,8.4
"2964","USS0021B60S",2003-09-11,6.4,8.1,5.8
"2965","USS0021B60S",2003-09-12,7.4,13.5,4.9
"2966","USS0021B60S",2003-09-13,11.2,19.6,4.9
"2967","USS0021B60S",2003-09-14,9.9,15.7,4.9
"2968","USS0021B60S",2003-09-15,7.2,13,4.1
"2969","USS0021B60S",2003-09-16,4.1,8.4,0.6
"2970","USS0021B60S",2003-09-17,6,10.2,3.5
"2971","USS0021B60S",2003-09-18,8.9,11.7,5.2
"2972","USS0021B60S",2003-09-19,8.4,10.1,5.2
"2973","USS0021B60S",2003-09-20,7.3,13.6,4.2
"2974","USS0021B60S",2003-09-21,10.1,18.7,4.2
"2975","USS0021B60S",2003-09-22,13,20.9,8.7
"2976","USS0021B60S",2003-09-23,11.1,16.8,8.4
"2977","USS0021B60S",2003-09-24,16.2,28.3,9.8
"2978","USS0021B60S",2003-09-25,13.5,19.8,10
"2979","USS0021B60S",2003-09-26,17.3,22.6,13.3
"2980","USS0021B60S",2003-09-27,22.2,28.6,18.3
"2981","USS0021B60S",2003-09-28,22,27.9,19.2
"2982","USS0021B60S",2003-09-29,15.9,23.9,8.4
"2983","USS0021B60S",2003-09-30,14.2,20.7,7.8
"2984","USS0021B60S",2003-10-01,16.5,24.3,10.9
"2985","USS0021B60S",2003-10-02,12.7,18.1,9
"2986","USS0021B60S",2003-10-03,20.5,26.7,17.6
"2987","USS0021B60S",2003-10-04,16.3,22.3,10.9
"2988","USS0021B60S",2003-10-05,11.8,18,6.4
"2989","USS0021B60S",2003-10-06,12.6,20.1,8.7
"2990","USS0021B60S",2003-10-07,7.7,11.5,5.9
"2991","USS0021B60S",2003-10-08,6.3,9.5,3.3
"2992","USS0021B60S",2003-10-09,3.4,4.5,2.4
"2993","USS0021B60S",2003-10-10,3.6,5.4,2.5
"2994","USS0021B60S",2003-10-11,4.8,6.2,3.4
"2995","USS0021B60S",2003-10-12,4.7,5.4,3.4
"2996","USS0021B60S",2003-10-13,5.7,7.8,3.8
"2997","USS0021B60S",2003-10-14,4.9,7,2.9
"2998","USS0021B60S",2003-10-15,5,8.2,3
"2999","USS0021B60S",2003-10-16,8.7,12,3
"3000","USS0021B60S",2003-10-17,11.5,13.3,10.4
"3001","USS0021B60S",2003-10-18,11.9,16.4,9.4
"3002","USS0021B60S",2003-10-19,9,10.6,7.7
"3003","USS0021B60S",2003-10-20,12.3,13.6,9.3
"3004","USS0021B60S",2003-10-21,15.2,20.5,11.6
"3005","USS0021B60S",2003-10-22,11.3,17.9,4
"3006","USS0021B60S",2003-10-23,3.1,7.7,0.9
"3007","USS0021B60S",2003-10-24,6.3,12.1,3.1
"3008","USS0021B60S",2003-10-25,11.2,16.6,7.1
"3009","USS0021B60S",2003-10-26,15.5,21.8,12.2
"3010","USS0021B60S",2003-10-27,9.7,12.6,6.8
"3011","USS0021B60S",2003-10-28,5.7,9,1
"3012","USS0021B60S",2003-10-29,0.7,4.8,-0.7
"3013","USS0021B60S",2003-10-30,-2,-0.2,-3.8
"3014","USS0021B60S",2003-10-31,-3.2,0.8,-5.6
"3015","USS0021B60S",2003-11-01,-1.8,0.8,-3.5
"3016","USS0021B60S",2003-11-02,-3,-0.9,-4.4
"3017","USS0021B60S",2003-11-03,-3.4,2.5,-5.8
"3018","USS0021B60S",2003-11-04,-4,0.2,-5.9
"3019","USS0021B60S",2003-11-05,-2.7,2.7,-5.4
"3020","USS0021B60S",2003-11-06,1.6,5.6,-2
"3021","USS0021B60S",2003-11-07,4.2,7.7,1.8
"3022","USS0021B60S",2003-11-08,5.4,9.6,2.8
"3023","USS0021B60S",2003-11-09,5.4,8.2,3.2
"3024","USS0021B60S",2003-11-10,2.3,4.1,0.4
"3025","USS0021B60S",2003-11-11,2.2,4,0.6
"3026","USS0021B60S",2003-11-12,3.5,7.6,0.5
"3027","USS0021B60S",2003-11-13,7.4,12.2,3
"3028","USS0021B60S",2003-11-14,4.3,5.1,3
"3029","USS0021B60S",2003-11-15,2.5,4.9,0.2
"3030","USS0021B60S",2003-11-16,0.8,2,-0.3
"3031","USS0021B60S",2003-11-17,0.9,5.1,-0.6
"3032","USS0021B60S",2003-11-18,6,7.2,4.1
"3033","USS0021B60S",2003-11-19,-1.7,7.2,-3.7
"3034","USS0021B60S",2003-11-20,-3.3,-1.1,-5.1
"3035","USS0021B60S",2003-11-21,-5.7,-2.6,-8.9
"3036","USS0021B60S",2003-11-22,-5.2,-3.3,-7.8
"3037","USS0021B60S",2003-11-23,-0.2,1.1,-2.8
"3038","USS0021B60S",2003-11-24,-2.5,-1.3,-3.2
"3039","USS0021B60S",2003-11-25,-1.3,-0.7,-2.5
"3040","USS0021B60S",2003-11-26,-1.4,-0.8,-2
"3041","USS0021B60S",2003-11-27,1.8,4.8,-1.5
"3042","USS0021B60S",2003-11-28,2.9,4.5,0.5
"3043","USS0021B60S",2003-11-29,2.2,4.4,-1.9
"3044","USS0021B60S",2003-11-30,2.6,5.1,-2.2
"3045","USS0021B60S",2003-12-01,4,6.9,2.9
"3046","USS0021B60S",2003-12-02,4.3,5.9,-1.8
"3047","USS0021B60S",2003-12-03,-1.4,0.8,-3.5
"3048","USS0021B60S",2003-12-04,2,4.3,-0.1
"3049","USS0021B60S",2003-12-05,2.1,4.7,0.8
"3050","USS0021B60S",2003-12-06,-0.3,3,-1.1
"3051","USS0021B60S",2003-12-07,0,2.4,-1.8
"3052","USS0021B60S",2003-12-08,-0.7,2.1,-2.4
"3053","USS0021B60S",2003-12-09,0.3,1.4,-1.4
"3054","USS0021B60S",2003-12-10,-0.7,0.4,-2.1
"3055","USS0021B60S",2003-12-11,0.6,1.7,-0.4
"3056","USS0021B60S",2003-12-12,-0.1,0.9,-0.7
"3057","USS0021B60S",2003-12-13,0.1,2.4,-2.2
"3058","USS0021B60S",2003-12-14,-1.9,-1.1,-2.8
"3059","USS0021B60S",2003-12-15,-0.9,1.4,-1.9
"3060","USS0021B60S",2003-12-16,1.1,2.8,0.2
"3061","USS0021B60S",2003-12-17,3.1,6.4,-0.6
"3062","USS0021B60S",2003-12-18,7.9,9.8,4.9
"3063","USS0021B60S",2003-12-19,8.4,11.2,3.3
"3064","USS0021B60S",2003-12-20,2.4,3.9,1.5
"3065","USS0021B60S",2003-12-21,2.1,4,0.9
"3066","USS0021B60S",2003-12-22,4.9,6.4,3.2
"3067","USS0021B60S",2003-12-23,4.8,6.3,2.6
"3068","USS0021B60S",2003-12-24,1,4.7,-1.1
"3069","USS0021B60S",2003-12-25,-2,-0.6,-3.8
"3070","USS0021B60S",2003-12-26,-3.8,-1,-5.4
"3071","USS0021B60S",2003-12-27,-3.1,-1.3,-4.2
"3072","USS0021B60S",2003-12-28,-4.7,-2.6,-6.6
"3073","USS0021B60S",2003-12-29,-5.7,-4.4,-7.9
"3074","USS0021B60S",2003-12-30,-5.2,-2.5,-8
"3075","USS0021B60S",2003-12-31,-3.2,-2.1,-3.9
"3076","USS0021B60S",2004-01-01,-4.3,-2.8,-5.4
"3077","USS0021B60S",2004-01-02,-4.5,-1.3,-5.8
"3078","USS0021B60S",2004-01-03,-7.3,-4.4,-11.4
"3079","USS0021B60S",2004-01-04,-11.7,-10.4,-13
"3080","USS0021B60S",2004-01-05,-9.6,-6.8,-11.9
"3081","USS0021B60S",2004-01-06,-3.6,0.6,-8.6
"3082","USS0021B60S",2004-01-07,1.3,3.6,-0.5
"3083","USS0021B60S",2004-01-08,4.2,6.8,0.4
"3084","USS0021B60S",2004-01-09,6.6,9,2.6
"3085","USS0021B60S",2004-01-10,3.8,6.7,1.9
"3086","USS0021B60S",2004-01-11,7.1,9,5.2
"3087","USS0021B60S",2004-01-12,6.8,9.4,2.8
"3088","USS0021B60S",2004-01-13,6.5,9.2,3.9
"3089","USS0021B60S",2004-01-14,6.3,8.9,4.4
"3090","USS0021B60S",2004-01-15,3.2,5,1.3
"3091","USS0021B60S",2004-01-16,3.4,7.2,-0.7
"3092","USS0021B60S",2004-01-17,5.3,9.4,3.6
"3093","USS0021B60S",2004-01-18,2.6,5.4,1.8
"3094","USS0021B60S",2004-01-19,2.5,7.7,0.9
"3095","USS0021B60S",2004-01-20,2,5.8,0.7
"3096","USS0021B60S",2004-01-21,4.1,7.8,1.4
"3097","USS0021B60S",2004-01-22,5,8.9,-0.3
"3098","USS0021B60S",2004-01-23,2.2,4.5,0.2
"3099","USS0021B60S",2004-01-24,-2.6,0.8,-4.3
"3100","USS0021B60S",2004-01-25,NA,NA,NA
"3101","USS0021B60S",2004-01-26,-1,0.2,-2.1
"3102","USS0021B60S",2004-01-27,0.4,3,-0.5
"3103","USS0021B60S",2004-01-28,1.5,3.5,-0.5
"3104","USS0021B60S",2004-01-29,4.2,5.4,3.2
"3105","USS0021B60S",2004-01-30,-1.6,4.3,-3.1
"3106","USS0021B60S",2004-01-31,-2.7,-0.8,-3.9
"3107","USS0021B60S",2004-02-01,-2,-0.1,-3
"3108","USS0021B60S",2004-02-02,-0.5,1.6,-2.5
"3109","USS0021B60S",2004-02-03,0.7,4,-0.9
"3110","USS0021B60S",2004-02-04,-0.9,1.3,-2.7
"3111","USS0021B60S",2004-02-05,1.4,4.3,-3
"3112","USS0021B60S",2004-02-06,1.3,4.1,-0.5
"3113","USS0021B60S",2004-02-07,-0.8,1.1,-1.6
"3114","USS0021B60S",2004-02-08,-1.1,1,-2.5
"3115","USS0021B60S",2004-02-09,-0.5,5,-3.8
"3116","USS0021B60S",2004-02-10,5.3,10,1.6
"3117","USS0021B60S",2004-02-11,5.9,11,3.2
"3118","USS0021B60S",2004-02-12,8.2,11.8,5.7
"3119","USS0021B60S",2004-02-13,6.7,14.2,1.3
"3120","USS0021B60S",2004-02-14,1.4,3.1,-0.8
"3121","USS0021B60S",2004-02-15,0.9,2.4,-0.7
"3122","USS0021B60S",2004-02-16,1.9,4.6,0.1
"3123","USS0021B60S",2004-02-17,2.7,5.2,1
"3124","USS0021B60S",2004-02-18,1,3,-0.3
"3125","USS0021B60S",2004-02-19,0.2,2.1,-0.5
"3126","USS0021B60S",2004-02-20,2,9.2,-1
"3127","USS0021B60S",2004-02-21,2.6,7.9,-0.2
"3128","USS0021B60S",2004-02-22,3.8,9.6,0.7
"3129","USS0021B60S",2004-02-23,4,10.3,2
"3130","USS0021B60S",2004-02-24,2.4,6.2,-0.2
"3131","USS0021B60S",2004-02-25,2.2,3.5,-0.2
"3132","USS0021B60S",2004-02-26,2.8,7.5,0.5
"3133","USS0021B60S",2004-02-27,1.4,4,-0.2
"3134","USS0021B60S",2004-02-28,0.4,1.8,-0.4
"3135","USS0021B60S",2004-02-29,1.9,12.3,-1.3
"3136","USS0021B60S",2004-03-01,2.4,8.3,-0.3
"3137","USS0021B60S",2004-03-02,0.5,5,-1.4
"3138","USS0021B60S",2004-03-03,-0.7,0.8,-1.9
"3139","USS0021B60S",2004-03-04,-0.6,3.3,-1.6
"3140","USS0021B60S",2004-03-05,-1.6,0.5,-3.1
"3141","USS0021B60S",2004-03-06,-0.8,3.3,-3.3
"3142","USS0021B60S",2004-03-07,4.9,6.5,-0.1
"3143","USS0021B60S",2004-03-08,12.1,19.9,6
"3144","USS0021B60S",2004-03-09,4.4,10.3,0.3
"3145","USS0021B60S",2004-03-10,4.8,12.8,0.3
"3146","USS0021B60S",2004-03-11,8.5,16.8,4.6
"3147","USS0021B60S",2004-03-12,2.1,5,-0.9
"3148","USS0021B60S",2004-03-13,6.4,12.4,0.7
"3149","USS0021B60S",2004-03-14,2.5,5.5,0.7
"3150","USS0021B60S",2004-03-15,1.7,6.7,0.1
"3151","USS0021B60S",2004-03-16,2.2,8.7,0.2
"3152","USS0021B60S",2004-03-17,2.7,5.9,0.2
"3153","USS0021B60S",2004-03-18,0.2,4.9,-3.2
"3154","USS0021B60S",2004-03-19,-1.5,2.4,-3.2
"3155","USS0021B60S",2004-03-20,5.9,10.8,-1
"3156","USS0021B60S",2004-03-21,12.4,18.9,8.5
"3157","USS0021B60S",2004-03-22,9.3,17.3,5.3
"3158","USS0021B60S",2004-03-23,4.3,8.2,2.1
"3159","USS0021B60S",2004-03-24,1.1,5,-0.9
"3160","USS0021B60S",2004-03-25,1.6,4.5,-1.1
"3161","USS0021B60S",2004-03-26,0.3,3.5,-1
"3162","USS0021B60S",2004-03-27,0.7,3,-0.4
"3163","USS0021B60S",2004-03-28,7.6,16.5,-0.1
"3164","USS0021B60S",2004-03-29,11.7,19.3,4.5
"3165","USS0021B60S",2004-03-30,1.3,4.7,-2.7
"3166","USS0021B60S",2004-03-31,-0.5,6.9,-3.8
"3167","USS0021B60S",2004-04-01,1.3,9.3,-3.5
"3168","USS0021B60S",2004-04-02,9.3,16,3.5
"3169","USS0021B60S",2004-04-03,11.3,19,5.1
"3170","USS0021B60S",2004-04-04,4.9,11.2,0.3
"3171","USS0021B60S",2004-04-05,3.5,6.8,2.1
"3172","USS0021B60S",2004-04-06,6.4,14.3,2.6
"3173","USS0021B60S",2004-04-07,4,6.6,2.2
"3174","USS0021B60S",2004-04-08,6,14.4,1.5
"3175","USS0021B60S",2004-04-09,11.2,17.8,5.2
"3176","USS0021B60S",2004-04-10,14.2,21.5,9.2
"3177","USS0021B60S",2004-04-11,14.6,21,8.5
"3178","USS0021B60S",2004-04-12,7,14.9,3.4
"3179","USS0021B60S",2004-04-13,5.2,12.6,2.2
"3180","USS0021B60S",2004-04-14,1.7,6.3,-0.2
"3181","USS0021B60S",2004-04-15,2.1,6.4,0.6
"3182","USS0021B60S",2004-04-16,2.6,8.2,0.6
"3183","USS0021B60S",2004-04-17,3.2,9.6,0.2
"3184","USS0021B60S",2004-04-18,3.2,10.7,-0.1
"3185","USS0021B60S",2004-04-19,5.1,12.3,0.2
"3186","USS0021B60S",2004-04-20,2.1,8.8,-0.4
"3187","USS0021B60S",2004-04-21,3.9,11.8,0.2
"3188","USS0021B60S",2004-04-22,9.1,16.4,2.9
"3189","USS0021B60S",2004-04-23,3.9,9.1,0.7
"3190","USS0021B60S",2004-04-24,4.5,10.9,-0.3
"3191","USS0021B60S",2004-04-25,13.2,19.6,4.2
"3192","USS0021B60S",2004-04-26,17.6,23.8,13.3
"3193","USS0021B60S",2004-04-27,5.4,14,0.3
"3194","USS0021B60S",2004-04-28,6.5,13.7,0.9
"3195","USS0021B60S",2004-04-29,12.7,19.1,5.7
"3196","USS0021B60S",2004-04-30,16.1,22.5,10.5
"3197","USS0021B60S",2004-05-01,15.9,22.6,9.1
"3198","USS0021B60S",2004-05-02,9.1,15.5,5.3
"3199","USS0021B60S",2004-05-03,10.1,16.8,6.5
"3200","USS0021B60S",2004-05-04,4.7,6.5,2.1
"3201","USS0021B60S",2004-05-05,4.3,9.9,0.9
"3202","USS0021B60S",2004-05-06,9.9,16,3.6
"3203","USS0021B60S",2004-05-07,8.1,12.3,4.9
"3204","USS0021B60S",2004-05-08,5.3,9,3.6
"3205","USS0021B60S",2004-05-09,5.4,10,2.8
"3206","USS0021B60S",2004-05-10,4.1,7.3,2.5
"3207","USS0021B60S",2004-05-11,3.9,7.6,1.6
"3208","USS0021B60S",2004-05-12,6,10.7,1.2
"3209","USS0021B60S",2004-05-13,9,14.6,4.4
"3210","USS0021B60S",2004-05-14,10.3,17.4,5.2
"3211","USS0021B60S",2004-05-15,6.6,9,4.1
"3212","USS0021B60S",2004-05-16,5.3,7.3,3.7
"3213","USS0021B60S",2004-05-17,9.9,15.4,4.1
"3214","USS0021B60S",2004-05-18,11.5,16.5,7.2
"3215","USS0021B60S",2004-05-19,6.2,7.6,4.3
"3216","USS0021B60S",2004-05-20,7.7,9.4,5.8
"3217","USS0021B60S",2004-05-21,6.1,7.8,4.3
"3218","USS0021B60S",2004-05-22,4.9,7.6,3.9
"3219","USS0021B60S",2004-05-23,6.6,10.5,4.8
"3220","USS0021B60S",2004-05-24,10.5,15.4,6.3
"3221","USS0021B60S",2004-05-25,11,17.4,6.4
"3222","USS0021B60S",2004-05-26,8,9.9,5.9
"3223","USS0021B60S",2004-05-27,5.5,8.1,3.1
"3224","USS0021B60S",2004-05-28,3.4,5.4,1.8
"3225","USS0021B60S",2004-05-29,4,5.8,2.6
"3226","USS0021B60S",2004-05-30,5.8,8.3,4
"3227","USS0021B60S",2004-05-31,5,7.1,3.1
"3228","USS0021B60S",2004-06-01,8.6,13,3.6
"3229","USS0021B60S",2004-06-02,12.3,19.9,6.6
"3230","USS0021B60S",2004-06-03,17.8,23.8,11.9
"3231","USS0021B60S",2004-06-04,16.1,24.1,10.2
"3232","USS0021B60S",2004-06-05,7.6,10.8,4.7
"3233","USS0021B60S",2004-06-06,6.6,13.8,4
"3234","USS0021B60S",2004-06-07,6.4,10.5,4.1
"3235","USS0021B60S",2004-06-08,11.5,18.9,6
"3236","USS0021B60S",2004-06-09,9,10.1,7.5
"3237","USS0021B60S",2004-06-10,5,7.4,3.6
"3238","USS0021B60S",2004-06-11,4.1,5.1,3
"3239","USS0021B60S",2004-06-12,6.9,12,4
"3240","USS0021B60S",2004-06-13,6.2,8.1,4.1
"3241","USS0021B60S",2004-06-14,4.9,8.6,3.2
"3242","USS0021B60S",2004-06-15,9.8,17.7,2.7
"3243","USS0021B60S",2004-06-16,16.9,23.2,10.1
"3244","USS0021B60S",2004-06-17,19.9,25.7,15.1
"3245","USS0021B60S",2004-06-18,18.2,24.6,13.6
"3246","USS0021B60S",2004-06-19,18.4,24,14.6
"3247","USS0021B60S",2004-06-20,19.9,26,14.5
"3248","USS0021B60S",2004-06-21,21.5,28.5,16.3
"3249","USS0021B60S",2004-06-22,19.1,24.3,10.9
"3250","USS0021B60S",2004-06-23,10.9,12.8,9.9
"3251","USS0021B60S",2004-06-24,10.5,12.7,9.5
"3252","USS0021B60S",2004-06-25,10.5,13,8.7
"3253","USS0021B60S",2004-06-26,12.7,19.4,9.3
"3254","USS0021B60S",2004-06-27,12.6,19.3,8.2
"3255","USS0021B60S",2004-06-28,14.9,21.8,9.1
"3256","USS0021B60S",2004-06-29,15.9,22.5,10
"3257","USS0021B60S",2004-06-30,15.4,22.6,10.5
"3258","USS0021B60S",2004-07-01,15.8,22.3,10.6
"3259","USS0021B60S",2004-07-02,12.1,19.1,9.2
"3260","USS0021B60S",2004-07-03,10.2,11.4,9
"3261","USS0021B60S",2004-07-04,9.9,11.8,8.4
"3262","USS0021B60S",2004-07-05,13.7,20.3,9
"3263","USS0021B60S",2004-07-06,11.2,13.7,6.2
"3264","USS0021B60S",2004-07-07,7.8,12.6,5
"3265","USS0021B60S",2004-07-08,9.8,16.5,6.3
"3266","USS0021B60S",2004-07-09,9.3,12.2,7.5
"3267","USS0021B60S",2004-07-10,8.6,11.5,7.2
"3268","USS0021B60S",2004-07-11,11.9,20.2,7.2
"3269","USS0021B60S",2004-07-12,20.6,27.2,12.6
"3270","USS0021B60S",2004-07-13,19.3,25.1,14.2
"3271","USS0021B60S",2004-07-14,18.8,26.2,13.6
"3272","USS0021B60S",2004-07-15,16.4,21.6,11.3
"3273","USS0021B60S",2004-07-16,17.5,25.4,10.3
"3274","USS0021B60S",2004-07-17,19.9,24.7,15.5
"3275","USS0021B60S",2004-07-18,18.4,26.1,14.5
"3276","USS0021B60S",2004-07-19,15.1,21.2,11.7
"3277","USS0021B60S",2004-07-20,13,18.4,10.8
"3278","USS0021B60S",2004-07-21,15.4,22.5,9
"3279","USS0021B60S",2004-07-22,NA,NA,NA
"3280","USS0021B60S",2004-07-23,24.6,30.6,20.2
"3281","USS0021B60S",2004-07-24,25.5,31.9,18
"3282","USS0021B60S",2004-07-25,16.4,19.6,12.3
"3283","USS0021B60S",2004-07-26,15.5,23.1,10.7
"3284","USS0021B60S",2004-07-27,19.8,24.9,15.7
"3285","USS0021B60S",2004-07-28,19.1,25.2,14.7
"3286","USS0021B60S",2004-07-29,19,25.7,14.2
"3287","USS0021B60S",2004-07-30,15.4,20.2,12.3
"3288","USS0021B60S",2004-07-31,16.2,23.5,11.5
"3289","USS0021B60S",2004-08-01,17.7,24.4,13.3
"3290","USS0021B60S",2004-08-02,16.2,22.4,10.9
"3291","USS0021B60S",2004-08-03,12.6,15.6,10.1
"3292","USS0021B60S",2004-08-04,13.8,19.4,11.2
"3293","USS0021B60S",2004-08-05,11.5,15,9.7
"3294","USS0021B60S",2004-08-06,11.1,14.6,9.4
"3295","USS0021B60S",2004-08-07,11.7,17.3,9.4
"3296","USS0021B60S",2004-08-08,18.8,24.9,11.8
"3297","USS0021B60S",2004-08-09,22.1,29,15.4
"3298","USS0021B60S",2004-08-10,21.1,26.9,17
"3299","USS0021B60S",2004-08-11,22,28,16.2
"3300","USS0021B60S",2004-08-12,20.9,27.3,16.7
"3301","USS0021B60S",2004-08-13,20.6,27.6,15.2
"3302","USS0021B60S",2004-08-14,21.5,29.9,17.4
"3303","USS0021B60S",2004-08-15,18.7,24.4,14.7
"3304","USS0021B60S",2004-08-16,17.7,23.2,14.4
"3305","USS0021B60S",2004-08-17,16.7,23.4,13.4
"3306","USS0021B60S",2004-08-18,17.1,23.7,12.3
"3307","USS0021B60S",2004-08-19,18.4,25,14
"3308","USS0021B60S",2004-08-20,17.8,23.9,14.1
"3309","USS0021B60S",2004-08-21,14.9,19.7,12.4
"3310","USS0021B60S",2004-08-22,10.5,13.2,9.4
"3311","USS0021B60S",2004-08-23,11.1,14.8,8.9
"3312","USS0021B60S",2004-08-24,10.8,11.9,9.4
"3313","USS0021B60S",2004-08-25,9.8,10.4,9.2
"3314","USS0021B60S",2004-08-26,10.9,13.2,9.1
"3315","USS0021B60S",2004-08-27,11,12.4,10
"3316","USS0021B60S",2004-08-28,12.3,15.4,10.6
"3317","USS0021B60S",2004-08-29,13.9,19.4,11.1
"3318","USS0021B60S",2004-08-30,16.6,22.8,11
"3319","USS0021B60S",2004-08-31,18.2,23.4,12.9
"3320","USS0021B60S",2004-09-01,9.6,13.8,5.4
"3321","USS0021B60S",2004-09-02,8.3,11.5,6.7
"3322","USS0021B60S",2004-09-03,10.6,14.3,8.3
"3323","USS0021B60S",2004-09-04,9.5,11.6,8.8
"3324","USS0021B60S",2004-09-05,10.1,14.9,7.3
"3325","USS0021B60S",2004-09-06,12,16.8,8
"3326","USS0021B60S",2004-09-07,12.4,17.4,8.4
"3327","USS0021B60S",2004-09-08,12.1,17,9.4
"3328","USS0021B60S",2004-09-09,10.5,15.6,8.8
"3329","USS0021B60S",2004-09-10,13,18,8.6
"3330","USS0021B60S",2004-09-11,10.5,13.5,7.9
"3331","USS0021B60S",2004-09-12,8.4,10.9,6.7
"3332","USS0021B60S",2004-09-13,8.1,9.1,5.9
"3333","USS0021B60S",2004-09-14,7.5,12.9,4.4
"3334","USS0021B60S",2004-09-15,8.7,9.8,7
"3335","USS0021B60S",2004-09-16,7.5,10.9,5.8
"3336","USS0021B60S",2004-09-17,7.6,12.5,5.4
"3337","USS0021B60S",2004-09-18,5.3,6.9,4
"3338","USS0021B60S",2004-09-19,6.3,9.6,4.4
"3339","USS0021B60S",2004-09-20,7,9.2,4.5
"3340","USS0021B60S",2004-09-21,8.3,13.9,4.9
"3341","USS0021B60S",2004-09-22,9.6,12.2,7.9
"3342","USS0021B60S",2004-09-23,10.5,14.7,8.6
"3343","USS0021B60S",2004-09-24,15.1,20.4,10.5
"3344","USS0021B60S",2004-09-25,14.5,20.1,9.7
"3345","USS0021B60S",2004-09-26,12,16.7,8.1
"3346","USS0021B60S",2004-09-27,17.6,24.4,12.3
"3347","USS0021B60S",2004-09-28,16.2,22.7,10.5
"3348","USS0021B60S",2004-09-29,9.4,11.8,8.3
"3349","USS0021B60S",2004-09-30,9.4,13.3,7.5
"3350","USS0021B60S",2004-10-01,14.4,19.8,11.3
"3351","USS0021B60S",2004-10-02,15.5,21.3,12.5
"3352","USS0021B60S",2004-10-03,16.1,22.3,13.2
"3353","USS0021B60S",2004-10-04,15.7,21,13
"3354","USS0021B60S",2004-10-05,14.5,20.9,10.1
"3355","USS0021B60S",2004-10-06,9.2,11.4,7.1
"3356","USS0021B60S",2004-10-07,10.1,14.2,6.4
"3357","USS0021B60S",2004-10-08,9.5,12.9,6.3
"3358","USS0021B60S",2004-10-09,6,6.7,5.2
"3359","USS0021B60S",2004-10-10,8.1,11.2,6.3
"3360","USS0021B60S",2004-10-11,10,14.3,7.6
"3361","USS0021B60S",2004-10-12,11.4,14.8,8.5
"3362","USS0021B60S",2004-10-13,15.1,19.8,12.7
"3363","USS0021B60S",2004-10-14,13.3,17.2,10.2
"3364","USS0021B60S",2004-10-15,10,11,8.2
"3365","USS0021B60S",2004-10-16,8,8.7,6.8
"3366","USS0021B60S",2004-10-17,6.3,10,2.5
"3367","USS0021B60S",2004-10-18,4,6,2.8
"3368","USS0021B60S",2004-10-19,7.1,8.2,4.9
"3369","USS0021B60S",2004-10-20,6,10,3.8
"3370","USS0021B60S",2004-10-21,3.5,4.6,2.7
"3371","USS0021B60S",2004-10-22,3.6,5.9,1.2
"3372","USS0021B60S",2004-10-23,1.6,3.5,0.4
"3373","USS0021B60S",2004-10-24,2.1,4,0.6
"3374","USS0021B60S",2004-10-25,4.5,8.6,2
"3375","USS0021B60S",2004-10-26,6.5,8.7,4.9
"3376","USS0021B60S",2004-10-27,6.7,14,3.5
"3377","USS0021B60S",2004-10-28,3.3,5.2,1.8
"3378","USS0021B60S",2004-10-29,3.9,6,2.8
"3379","USS0021B60S",2004-10-30,2.5,5.1,1.1
"3380","USS0021B60S",2004-10-31,1.2,3.5,0.3
"3381","USS0021B60S",2004-11-01,4.3,8.1,0.6
"3382","USS0021B60S",2004-11-02,3.5,7.8,1.2
"3383","USS0021B60S",2004-11-03,1.4,2.7,0
"3384","USS0021B60S",2004-11-04,4.7,9.3,1.1
"3385","USS0021B60S",2004-11-05,7.3,12.5,4.9
"3386","USS0021B60S",2004-11-06,7.6,9.8,4.9
"3387","USS0021B60S",2004-11-07,11,13.2,8.3
"3388","USS0021B60S",2004-11-08,11.6,17.1,6.2
"3389","USS0021B60S",2004-11-09,6.6,9.6,2.8
"3390","USS0021B60S",2004-11-10,9.1,14.3,7
"3391","USS0021B60S",2004-11-11,8.4,12.6,6.8
"3392","USS0021B60S",2004-11-12,8.6,12,6
"3393","USS0021B60S",2004-11-13,5.8,7.6,4.6
"3394","USS0021B60S",2004-11-14,8.4,11.8,5.5
"3395","USS0021B60S",2004-11-15,6.1,11.6,3.6
"3396","USS0021B60S",2004-11-16,3.5,5.1,1.3
"3397","USS0021B60S",2004-11-17,3.5,6.5,0.8
"3398","USS0021B60S",2004-11-18,1.8,4.9,0.9
"3399","USS0021B60S",2004-11-19,0.6,5,-1.7
"3400","USS0021B60S",2004-11-20,0.3,3.8,-2.4
"3401","USS0021B60S",2004-11-21,3.3,6.6,0.1
"3402","USS0021B60S",2004-11-22,3.7,5.3,2.4
"3403","USS0021B60S",2004-11-23,4.4,6.4,3.3
"3404","USS0021B60S",2004-11-24,6.9,7.7,6.1
"3405","USS0021B60S",2004-11-25,2.8,6.9,0.4
"3406","USS0021B60S",2004-11-26,0.4,3.8,-0.9
"3407","USS0021B60S",2004-11-27,-0.5,1.6,-2.7
"3408","USS0021B60S",2004-11-28,-1.7,-0.2,-3
"3409","USS0021B60S",2004-11-29,0,2.4,-2.4
"3410","USS0021B60S",2004-11-30,0.9,2.9,-0.5
"3411","USS0021B60S",2004-12-01,0.3,3.1,-1.1
"3412","USS0021B60S",2004-12-02,1.3,3,-0.3
"3413","USS0021B60S",2004-12-03,1.6,2.4,1.1
"3414","USS0021B60S",2004-12-04,2.7,4.2,1.1
"3415","USS0021B60S",2004-12-05,-1.2,1.2,-2.2
"3416","USS0021B60S",2004-12-06,0.1,1.3,-1.6
"3417","USS0021B60S",2004-12-07,1,2.4,0
"3418","USS0021B60S",2004-12-08,1.5,2.5,0.8
"3419","USS0021B60S",2004-12-09,3.9,8.4,1.3
"3420","USS0021B60S",2004-12-10,7.8,8.9,7
"3421","USS0021B60S",2004-12-11,1.2,6.5,-0.9
"3422","USS0021B60S",2004-12-12,5.7,9.1,0.8
"3423","USS0021B60S",2004-12-13,6.3,9.6,4.1
"3424","USS0021B60S",2004-12-14,4.2,5.4,3
"3425","USS0021B60S",2004-12-15,4.2,9.1,0.8
"3426","USS0021B60S",2004-12-16,9.2,12.4,5.6
"3427","USS0021B60S",2004-12-17,8.5,10.4,6.2
"3428","USS0021B60S",2004-12-18,10.5,13.6,7.1
"3429","USS0021B60S",2004-12-19,4.4,13.6,0.6
"3430","USS0021B60S",2004-12-20,0.2,1.6,-1.5
"3431","USS0021B60S",2004-12-21,0.6,2.1,-0.7
"3432","USS0021B60S",2004-12-22,0.8,3.1,-0.6
"3433","USS0021B60S",2004-12-23,2.1,5.4,-0.1
"3434","USS0021B60S",2004-12-24,4.5,7.1,2.8
"3435","USS0021B60S",2004-12-25,3.3,4.9,2
"3436","USS0021B60S",2004-12-26,2.8,4,1.2
"3437","USS0021B60S",2004-12-27,5.9,9.1,2.7
"3438","USS0021B60S",2004-12-28,7.9,9.8,4.9
"3439","USS0021B60S",2004-12-29,2,5.8,0.9
"3440","USS0021B60S",2004-12-30,1.7,3.6,-0.1
"3441","USS0021B60S",2004-12-31,1.1,2.9,-0.8
"3442","USS0021B60S",2005-01-01,0.4,2.3,-1.3
"3443","USS0021B60S",2005-01-02,-0.8,1.3,-2.6
"3444","USS0021B60S",2005-01-03,-1.4,0.1,-3.9
"3445","USS0021B60S",2005-01-04,-2.3,0.6,-5.4
"3446","USS0021B60S",2005-01-05,-1,2.4,-3.8
"3447","USS0021B60S",2005-01-06,-1.6,-0.4,-4.3
"3448","USS0021B60S",2005-01-07,-0.7,1.5,-2.9
"3449","USS0021B60S",2005-01-08,-1.5,0.8,-3
"3450","USS0021B60S",2005-01-09,-1.3,1.9,-3.4
"3451","USS0021B60S",2005-01-10,-1.3,0.6,-2.7
"3452","USS0021B60S",2005-01-11,-3.3,-0.7,-5.2
"3453","USS0021B60S",2005-01-12,-1,0.1,-2.8
"3454","USS0021B60S",2005-01-13,-3,-1.3,-3.9
"3455","USS0021B60S",2005-01-14,-4.5,-1.5,-7.1
"3456","USS0021B60S",2005-01-15,1.3,4.7,-2.3
"3457","USS0021B60S",2005-01-16,4.2,6.4,2.3
"3458","USS0021B60S",2005-01-17,7.1,8.8,4.9
"3459","USS0021B60S",2005-01-18,8.8,10.2,6.9
"3460","USS0021B60S",2005-01-19,9.8,12,8.5
"3461","USS0021B60S",2005-01-20,8.2,10.4,7
"3462","USS0021B60S",2005-01-21,9.4,11.9,7.1
"3463","USS0021B60S",2005-01-22,9,11.3,7
"3464","USS0021B60S",2005-01-23,10.5,12.5,9
"3465","USS0021B60S",2005-01-24,10.3,12.5,8.5
"3466","USS0021B60S",2005-01-25,11.3,13.3,9.3
"3467","USS0021B60S",2005-01-26,8.1,11,4.3
"3468","USS0021B60S",2005-01-27,4.6,6.3,3.8
"3469","USS0021B60S",2005-01-28,5.3,7.1,3.1
"3470","USS0021B60S",2005-01-29,3.3,4.6,2.6
"3471","USS0021B60S",2005-01-30,4.8,7.5,3
"3472","USS0021B60S",2005-01-31,3.8,6.2,2
"3473","USS0021B60S",2005-02-01,5.6,9,1.7
"3474","USS0021B60S",2005-02-02,8.2,12.3,6.4
"3475","USS0021B60S",2005-02-03,8.5,12,6.2
"3476","USS0021B60S",2005-02-04,3.1,6.7,0.1
"3477","USS0021B60S",2005-02-05,-1.4,0.7,-3.1
"3478","USS0021B60S",2005-02-06,-0.4,1.2,-3.4
"3479","USS0021B60S",2005-02-07,0.2,5.1,-1.9
"3480","USS0021B60S",2005-02-08,1.6,8.3,-1.9
"3481","USS0021B60S",2005-02-09,2.9,8.7,1
"3482","USS0021B60S",2005-02-10,7.9,12.4,2
"3483","USS0021B60S",2005-02-11,7.8,11.9,2.5
"3484","USS0021B60S",2005-02-12,1.7,3.6,-0.5
"3485","USS0021B60S",2005-02-13,-1.4,0.6,-2.5
"3486","USS0021B60S",2005-02-14,-2.7,4.6,-4.9
"3487","USS0021B60S",2005-02-15,-1.3,5.1,-4.9
"3488","USS0021B60S",2005-02-16,2.6,8.6,-2.4
"3489","USS0021B60S",2005-02-17,4.7,10.9,2.7
"3490","USS0021B60S",2005-02-18,4.7,11.1,2
"3491","USS0021B60S",2005-02-19,1.4,8.1,-1.7
"3492","USS0021B60S",2005-02-20,2.3,10.3,-1.3
"3493","USS0021B60S",2005-02-21,5.2,12.1,1.5
"3494","USS0021B60S",2005-02-22,8,15.5,5.4
"3495","USS0021B60S",2005-02-23,9.8,15.3,7.1
"3496","USS0021B60S",2005-02-24,9.2,17.2,5.4
"3497","USS0021B60S",2005-02-25,7.3,14.2,4
"3498","USS0021B60S",2005-02-26,9.1,15.5,6
"3499","USS0021B60S",2005-02-27,9.6,14.9,6.4
"3500","USS0021B60S",2005-02-28,5.4,10.7,2.6
"3501","USS0021B60S",2005-03-01,6.5,13.2,2.5
"3502","USS0021B60S",2005-03-02,4.3,6.2,3
"3503","USS0021B60S",2005-03-03,7,14.1,2.6
"3504","USS0021B60S",2005-03-04,6.3,12.2,3.4
"3505","USS0021B60S",2005-03-05,6.6,13.6,3.6
"3506","USS0021B60S",2005-03-06,8.4,14.1,4.7
"3507","USS0021B60S",2005-03-07,7.6,9.1,6.3
"3508","USS0021B60S",2005-03-08,10,15.7,6.3
"3509","USS0021B60S",2005-03-09,8.3,10.4,7.2
"3510","USS0021B60S",2005-03-10,12,17,8.7
"3511","USS0021B60S",2005-03-11,10.9,17.1,3.8
"3512","USS0021B60S",2005-03-12,6.3,11.6,2.4
"3513","USS0021B60S",2005-03-13,8,13.3,5.3
"3514","USS0021B60S",2005-03-14,7.5,12.7,3.7
"3515","USS0021B60S",2005-03-15,3.8,8.8,-0.6
"3516","USS0021B60S",2005-03-16,2,5.5,-0.5
"3517","USS0021B60S",2005-03-17,1.6,7.8,0
"3518","USS0021B60S",2005-03-18,1.5,8.2,-0.6
"3519","USS0021B60S",2005-03-19,3.8,6.2,0.5
"3520","USS0021B60S",2005-03-20,3.5,7.5,-0.6
"3521","USS0021B60S",2005-03-21,0.6,7.2,-1.5
"3522","USS0021B60S",2005-03-22,3.6,8,0.4
"3523","USS0021B60S",2005-03-23,4,10,1
"3524","USS0021B60S",2005-03-24,2.7,7.2,-0.2
"3525","USS0021B60S",2005-03-25,3,8.7,0.6
"3526","USS0021B60S",2005-03-26,3.6,5.3,1.5
"3527","USS0021B60S",2005-03-27,3.4,4.9,1.5
"3528","USS0021B60S",2005-03-28,0.7,1.7,0.1
"3529","USS0021B60S",2005-03-29,0.6,1.3,-0.1
"3530","USS0021B60S",2005-03-30,1.6,7.2,-0.6
"3531","USS0021B60S",2005-03-31,4,8.8,1.3
"3532","USS0021B60S",2005-04-01,1.9,4.5,-0.7
"3533","USS0021B60S",2005-04-02,3,9.4,-0.7
"3534","USS0021B60S",2005-04-03,2.6,4.8,0.9
"3535","USS0021B60S",2005-04-04,1.5,8.2,-0.1
"3536","USS0021B60S",2005-04-05,4.3,8.6,0.5
"3537","USS0021B60S",2005-04-06,10.3,16,4.8
"3538","USS0021B60S",2005-04-07,4.3,10,-0.1
"3539","USS0021B60S",2005-04-08,3.5,12.1,-1
"3540","USS0021B60S",2005-04-09,2.3,7,-0.6
"3541","USS0021B60S",2005-04-10,4.6,9.9,0
"3542","USS0021B60S",2005-04-11,1.1,4.7,-0.7
"3543","USS0021B60S",2005-04-12,0.7,5.3,-1.2
"3544","USS0021B60S",2005-04-13,3.2,12.3,-0.2
"3545","USS0021B60S",2005-04-14,1.5,5.6,-0.6
"3546","USS0021B60S",2005-04-15,3.5,5.6,0.5
"3547","USS0021B60S",2005-04-16,3.9,8,1.3
"3548","USS0021B60S",2005-04-17,2.3,5.1,0.7
"3549","USS0021B60S",2005-04-18,4.1,12.5,0.7
"3550","USS0021B60S",2005-04-19,7.8,15.4,1.9
"3551","USS0021B60S",2005-04-20,9.5,17.5,4.2
"3552","USS0021B60S",2005-04-21,11.7,18.6,6
"3553","USS0021B60S",2005-04-22,13.7,18.4,10.3
"3554","USS0021B60S",2005-04-23,11.7,16.9,5.6
"3555","USS0021B60S",2005-04-24,9.7,15.4,5
"3556","USS0021B60S",2005-04-25,10.3,17,7.3
"3557","USS0021B60S",2005-04-26,9.4,13,7.4
"3558","USS0021B60S",2005-04-27,12,18.3,8.3
"3559","USS0021B60S",2005-04-28,9.4,14.9,6.9
"3560","USS0021B60S",2005-04-29,7.2,10.4,5.2
"3561","USS0021B60S",2005-04-30,7.6,10.1,5
"3562","USS0021B60S",2005-05-01,12.2,18.8,7.2
"3563","USS0021B60S",2005-05-02,8.2,12.4,6.9
"3564","USS0021B60S",2005-05-03,8.7,13.9,6
"3565","USS0021B60S",2005-05-04,9.5,12.3,7.7
"3566","USS0021B60S",2005-05-05,11.3,17.1,7.8
"3567","USS0021B60S",2005-05-06,8.7,12.2,4.8
"3568","USS0021B60S",2005-05-07,6.6,9.5,3.6
"3569","USS0021B60S",2005-05-08,8.7,11.8,6.4
"3570","USS0021B60S",2005-05-09,9.3,14.1,7.3
"3571","USS0021B60S",2005-05-10,7.5,9.2,6.1
"3572","USS0021B60S",2005-05-11,7.4,9.4,6
"3573","USS0021B60S",2005-05-12,8.1,10.5,6.7
"3574","USS0021B60S",2005-05-13,12.5,18.9,7.6
"3575","USS0021B60S",2005-05-14,12,17,9.5
"3576","USS0021B60S",2005-05-15,9.4,14.2,6.3
"3577","USS0021B60S",2005-05-16,5.9,8.2,3.7
"3578","USS0021B60S",2005-05-17,7.1,11.3,3.5
"3579","USS0021B60S",2005-05-18,8.2,13.7,6
"3580","USS0021B60S",2005-05-19,6.3,11.2,4.9
"3581","USS0021B60S",2005-05-20,6,11.8,3.6
"3582","USS0021B60S",2005-05-21,6.6,10.5,3.6
"3583","USS0021B60S",2005-05-22,4.6,8.5,3.3
"3584","USS0021B60S",2005-05-23,6,12.8,3.2
"3585","USS0021B60S",2005-05-24,8.1,14.6,3.5
"3586","USS0021B60S",2005-05-25,15.3,20.9,7.2
"3587","USS0021B60S",2005-05-26,19,24,14.9
"3588","USS0021B60S",2005-05-27,21.3,28.1,13.8
"3589","USS0021B60S",2005-05-28,20,25.3,11
"3590","USS0021B60S",2005-05-29,9.9,11.4,9
"3591","USS0021B60S",2005-05-30,9.5,11.5,8.2
"3592","USS0021B60S",2005-05-31,6.9,8.2,6.2
"3593","USS0021B60S",2005-06-01,7.2,10.1,5.4
"3594","USS0021B60S",2005-06-02,7.5,8.9,6.5
"3595","USS0021B60S",2005-06-03,6.6,7.5,5.8
"3596","USS0021B60S",2005-06-04,7.2,9.4,5.5
"3597","USS0021B60S",2005-06-05,5.4,8.4,3.7
"3598","USS0021B60S",2005-06-06,6.3,10.2,3.8
"3599","USS0021B60S",2005-06-07,6.1,7.7,5.1
"3600","USS0021B60S",2005-06-08,6.9,9.4,4.6
"3601","USS0021B60S",2005-06-09,10.2,14.5,5.7
"3602","USS0021B60S",2005-06-10,10.1,16.3,6.6
"3603","USS0021B60S",2005-06-11,6.3,9.4,3.8
"3604","USS0021B60S",2005-06-12,6.6,11.1,3.2
"3605","USS0021B60S",2005-06-13,7.9,12.6,5.9
"3606","USS0021B60S",2005-06-14,7.2,12.2,5.3
"3607","USS0021B60S",2005-06-15,9.9,16.8,4.4
"3608","USS0021B60S",2005-06-16,13.2,18.2,8.2
"3609","USS0021B60S",2005-06-17,9.8,15.9,5.8
"3610","USS0021B60S",2005-06-18,10.2,15.2,8.2
"3611","USS0021B60S",2005-06-19,14.2,21.2,8.6
"3612","USS0021B60S",2005-06-20,19.5,26,13.2
"3613","USS0021B60S",2005-06-21,14.4,21.4,10
"3614","USS0021B60S",2005-06-22,8.7,10.1,7.4
"3615","USS0021B60S",2005-06-23,11.3,18.1,6.3
"3616","USS0021B60S",2005-06-24,13.1,18.6,9
"3617","USS0021B60S",2005-06-25,11.8,17.8,9.2
"3618","USS0021B60S",2005-06-26,9.8,11,8.3
"3619","USS0021B60S",2005-06-27,9,9.9,8
"3620","USS0021B60S",2005-06-28,9.7,10.5,8.8
"3621","USS0021B60S",2005-06-29,13.6,20.9,9.1
"3622","USS0021B60S",2005-06-30,14.7,21.2,9.8
"3623","USS0021B60S",2005-07-01,11.1,17.8,8.6
"3624","USS0021B60S",2005-07-02,8.4,11.2,7
"3625","USS0021B60S",2005-07-03,12.8,19.7,6.5
"3626","USS0021B60S",2005-07-04,16.2,23.1,10.5
"3627","USS0021B60S",2005-07-05,16,22.8,11.7
"3628","USS0021B60S",2005-07-06,10.8,13,8.2
"3629","USS0021B60S",2005-07-07,11.3,17.8,7
"3630","USS0021B60S",2005-07-08,9.9,11,8.5
"3631","USS0021B60S",2005-07-09,10.8,16.3,7.2
"3632","USS0021B60S",2005-07-10,10.7,13.2,8.2
"3633","USS0021B60S",2005-07-11,13.2,20.4,10.2
"3634","USS0021B60S",2005-07-12,11.7,15.1,9.5
"3635","USS0021B60S",2005-07-13,11.6,16.8,8.8
"3636","USS0021B60S",2005-07-14,15.3,22.4,9.2
"3637","USS0021B60S",2005-07-15,13.9,19.1,10
"3638","USS0021B60S",2005-07-16,11.4,18.6,8.2
"3639","USS0021B60S",2005-07-17,17.4,25,9.8
"3640","USS0021B60S",2005-07-18,19.1,26.1,12.9
"3641","USS0021B60S",2005-07-19,14.8,21.4,9.7
"3642","USS0021B60S",2005-07-20,14,18.5,9.5
"3643","USS0021B60S",2005-07-21,18.7,25.4,11.6
"3644","USS0021B60S",2005-07-22,13.9,21.7,10.3
"3645","USS0021B60S",2005-07-23,13,19.4,8.5
"3646","USS0021B60S",2005-07-24,13.1,19.2,8.4
"3647","USS0021B60S",2005-07-25,15.7,22.2,9.6
"3648","USS0021B60S",2005-07-26,18.6,26.1,12.9
"3649","USS0021B60S",2005-07-27,20.1,26.5,14.5
"3650","USS0021B60S",2005-07-28,18.5,24.8,12.5
"3651","USS0021B60S",2005-07-29,17.6,24.1,11.8
"3652","USS0021B60S",2005-07-30,18.7,25.8,13.2
"3653","USS0021B60S",2005-07-31,18.8,25.8,13.4
"3654","USS0021B60S",2005-08-01,12.2,14.9,9
"3655","USS0021B60S",2005-08-02,12.9,19.6,8.4
"3656","USS0021B60S",2005-08-03,18.9,26.5,10.7
"3657","USS0021B60S",2005-08-04,22.3,29.1,17
"3658","USS0021B60S",2005-08-05,19.6,26.4,14.4
"3659","USS0021B60S",2005-08-06,17.5,24,13
"3660","USS0021B60S",2005-08-07,16.8,24,11.9
"3661","USS0021B60S",2005-08-08,17,23.6,12.1
"3662","USS0021B60S",2005-08-09,16.6,22.4,11.9
"3663","USS0021B60S",2005-08-10,11.3,13.5,8.9
"3664","USS0021B60S",2005-08-11,10.5,12,9.1
"3665","USS0021B60S",2005-08-12,14.9,20.8,10
"3666","USS0021B60S",2005-08-13,19.8,26.6,14.1
"3667","USS0021B60S",2005-08-14,20.9,28,16.6
"3668","USS0021B60S",2005-08-15,20,26.6,15.5
"3669","USS0021B60S",2005-08-16,14,19,10.7
"3670","USS0021B60S",2005-08-17,11.3,13.4,9.3
"3671","USS0021B60S",2005-08-18,14.3,20.6,9.3
"3672","USS0021B60S",2005-08-19,17.5,24.4,11.6
"3673","USS0021B60S",2005-08-20,18.3,25.1,14.2
"3674","USS0021B60S",2005-08-21,16.8,22.5,11.8
"3675","USS0021B60S",2005-08-22,12.9,19.1,9.8
"3676","USS0021B60S",2005-08-23,9.7,14.4,7.3
"3677","USS0021B60S",2005-08-24,14.4,20.1,8.8
"3678","USS0021B60S",2005-08-25,19.4,26.2,13.9
"3679","USS0021B60S",2005-08-26,18.3,24.8,12.7
"3680","USS0021B60S",2005-08-27,15.6,21.8,11
"3681","USS0021B60S",2005-08-28,14.5,20.8,8.6
"3682","USS0021B60S",2005-08-29,8.9,12.1,7.8
"3683","USS0021B60S",2005-08-30,10.1,14.3,7.5
"3684","USS0021B60S",2005-08-31,12,17.4,9.7
"3685","USS0021B60S",2005-09-01,15.8,21.2,11.1
"3686","USS0021B60S",2005-09-02,11.9,14.3,9.5
"3687","USS0021B60S",2005-09-03,10.9,14.8,8.7
"3688","USS0021B60S",2005-09-04,8.7,12.5,6.7
"3689","USS0021B60S",2005-09-05,10,14.7,6.1
"3690","USS0021B60S",2005-09-06,13.6,20.3,9
"3691","USS0021B60S",2005-09-07,14.4,20.1,10.7
"3692","USS0021B60S",2005-09-08,14.2,21,8.7
"3693","USS0021B60S",2005-09-09,7,9.1,4.3
"3694","USS0021B60S",2005-09-10,7.6,11.4,4.6
"3695","USS0021B60S",2005-09-11,8.9,11.7,7.5
"3696","USS0021B60S",2005-09-12,10,15.5,7.3
"3697","USS0021B60S",2005-09-13,11.2,16.9,7.3
"3698","USS0021B60S",2005-09-14,11.4,16.8,8.9
"3699","USS0021B60S",2005-09-15,8.2,10.7,7
"3700","USS0021B60S",2005-09-16,7.3,8,6.8
"3701","USS0021B60S",2005-09-17,7.8,9.3,6.7
"3702","USS0021B60S",2005-09-18,9.8,16.2,6.5
"3703","USS0021B60S",2005-09-19,9.6,14,7.5
"3704","USS0021B60S",2005-09-20,8,12.3,5.8
"3705","USS0021B60S",2005-09-21,8.6,13.8,4.6
"3706","USS0021B60S",2005-09-22,7.2,13.2,3.8
"3707","USS0021B60S",2005-09-23,6.9,11.9,3.7
"3708","USS0021B60S",2005-09-24,7.8,13.1,4.4
"3709","USS0021B60S",2005-09-25,10.8,16.1,6.4
"3710","USS0021B60S",2005-09-26,12.7,18,8.7
"3711","USS0021B60S",2005-09-27,10.4,15.2,7.5
"3712","USS0021B60S",2005-09-28,12,17.5,7.3
"3713","USS0021B60S",2005-09-29,10.9,12.5,7.2
"3714","USS0021B60S",2005-09-30,8.1,11.9,5.1
"3715","USS0021B60S",2005-10-01,4.6,6.8,2.6
"3716","USS0021B60S",2005-10-02,5,7.4,3.5
"3717","USS0021B60S",2005-10-03,5.4,10.2,2.7
"3718","USS0021B60S",2005-10-04,6.7,12.8,3.1
"3719","USS0021B60S",2005-10-05,9.3,13.4,6.8
"3720","USS0021B60S",2005-10-06,8.6,10.5,7.3
"3721","USS0021B60S",2005-10-07,6.7,8.2,5.5
"3722","USS0021B60S",2005-10-08,6.2,9.1,4.9
"3723","USS0021B60S",2005-10-09,8.3,11.8,5.3
"3724","USS0021B60S",2005-10-10,9.3,12.6,7.2
"3725","USS0021B60S",2005-10-11,7,13.1,4.3
"3726","USS0021B60S",2005-10-12,7.6,10.9,5.6
"3727","USS0021B60S",2005-10-13,7.5,9.6,6.1
"3728","USS0021B60S",2005-10-14,11.9,17.8,7.3
"3729","USS0021B60S",2005-10-15,7.9,9.7,6.1
"3730","USS0021B60S",2005-10-16,7.2,9.6,4.9
"3731","USS0021B60S",2005-10-17,9.6,10.1,8.9
"3732","USS0021B60S",2005-10-18,11.9,16.9,7.7
"3733","USS0021B60S",2005-10-19,8.2,11.1,6.1
"3734","USS0021B60S",2005-10-20,6.4,9.4,4.2
"3735","USS0021B60S",2005-10-21,12.9,17.6,7.9
"3736","USS0021B60S",2005-10-22,12.3,17.6,7.8
"3737","USS0021B60S",2005-10-23,9.6,11.9,8.2
"3738","USS0021B60S",2005-10-24,10.8,14.8,7.1
"3739","USS0021B60S",2005-10-25,10.9,16.5,4.5
"3740","USS0021B60S",2005-10-26,4.2,8.6,2.7
"3741","USS0021B60S",2005-10-27,5.4,9.1,2.6
"3742","USS0021B60S",2005-10-28,4,6.6,2.7
"3743","USS0021B60S",2005-10-29,3.5,5.4,1.6
"3744","USS0021B60S",2005-10-30,5.2,8.1,3.3
"3745","USS0021B60S",2005-10-31,5.1,6.8,3.6
"3746","USS0021B60S",2005-11-01,2.2,4.1,0.9
"3747","USS0021B60S",2005-11-02,2.7,5.9,1.5
"3748","USS0021B60S",2005-11-03,2.2,3.4,1.3
"3749","USS0021B60S",2005-11-04,1.1,1.9,0.6
"3750","USS0021B60S",2005-11-05,1.3,3.6,0.6
"3751","USS0021B60S",2005-11-06,1.1,3,0.4
"3752","USS0021B60S",2005-11-07,0.8,2.9,-0.1
"3753","USS0021B60S",2005-11-08,1.8,4.3,0
"3754","USS0021B60S",2005-11-09,6.5,10,3.5
"3755","USS0021B60S",2005-11-10,5.8,10.1,1.1
"3756","USS0021B60S",2005-11-11,0.8,1.8,-0.1
"3757","USS0021B60S",2005-11-12,0.6,1.8,-0.2
"3758","USS0021B60S",2005-11-13,2.7,5.8,0.6
"3759","USS0021B60S",2005-11-14,0,1.7,-1.5
"3760","USS0021B60S",2005-11-15,2.6,5.6,-0.6
"3761","USS0021B60S",2005-11-16,5.3,7.7,3.5
"3762","USS0021B60S",2005-11-17,8,11.7,4.3
"3763","USS0021B60S",2005-11-18,10.9,14.9,8.7
"3764","USS0021B60S",2005-11-19,12.9,15.9,10.6
"3765","USS0021B60S",2005-11-20,12.1,14.8,9.8
"3766","USS0021B60S",2005-11-21,14.3,16.9,12
"3767","USS0021B60S",2005-11-22,14.4,16.8,11.2
"3768","USS0021B60S",2005-11-23,10.9,12.5,8.5
"3769","USS0021B60S",2005-11-24,10,13.4,5.6
"3770","USS0021B60S",2005-11-25,2.6,7.2,-0.8
"3771","USS0021B60S",2005-11-26,-1.2,0.9,-2.9
"3772","USS0021B60S",2005-11-27,-1.7,0.7,-3.6
"3773","USS0021B60S",2005-11-28,-1.4,0.3,-4
"3774","USS0021B60S",2005-11-29,-1.7,-0.5,-2.4
"3775","USS0021B60S",2005-11-30,-1.4,0.6,-3.5
"3776","USS0021B60S",2005-12-01,-2.1,-0.4,-3.5
"3777","USS0021B60S",2005-12-02,-1.8,1.6,-3.2
"3778","USS0021B60S",2005-12-03,-2.4,-0.3,-4.1
"3779","USS0021B60S",2005-12-04,-1.8,1.8,-4.6
"3780","USS0021B60S",2005-12-05,0.5,1.6,-0.5
"3781","USS0021B60S",2005-12-06,1.3,3.3,-0.4
"3782","USS0021B60S",2005-12-07,1.1,3.1,-0.7
"3783","USS0021B60S",2005-12-08,2,5.4,0.2
"3784","USS0021B60S",2005-12-09,5.2,7.9,2.1
"3785","USS0021B60S",2005-12-10,11.4,15,6.1
"3786","USS0021B60S",2005-12-11,9.7,14.4,5
"3787","USS0021B60S",2005-12-12,1.3,6.3,-1.1
"3788","USS0021B60S",2005-12-13,-0.7,2.4,-2.7
"3789","USS0021B60S",2005-12-14,3.1,5.7,-2.4
"3790","USS0021B60S",2005-12-15,4.2,6.2,2
"3791","USS0021B60S",2005-12-16,4.3,6.4,1.3
"3792","USS0021B60S",2005-12-17,-0.8,3.2,-2.5
"3793","USS0021B60S",2005-12-18,-0.5,1.1,-2.7
"3794","USS0021B60S",2005-12-19,4.9,9.5,0
"3795","USS0021B60S",2005-12-20,7.7,10.5,5.7
"3796","USS0021B60S",2005-12-21,6.4,8.2,5
"3797","USS0021B60S",2005-12-22,5.1,6.6,3
"3798","USS0021B60S",2005-12-23,5.7,8.6,3.9
"3799","USS0021B60S",2005-12-24,9.7,12,8.1
"3800","USS0021B60S",2005-12-25,5.6,12.2,3.7
"3801","USS0021B60S",2005-12-26,3.9,6.3,1.8
"3802","USS0021B60S",2005-12-27,3.7,5.8,2.1
"3803","USS0021B60S",2005-12-28,3.4,7.5,1.1
"3804","USS0021B60S",2005-12-29,1.9,3.1,1.2
"3805","USS0021B60S",2005-12-30,3.1,4.7,1.2
"3806","USS0021B60S",2005-12-31,3.1,4.8,1.5
"3807","USS0021B60S",2006-01-01,3.3,5.7,1.6
"3808","USS0021B60S",2006-01-02,1.8,3.9,0.2
"3809","USS0021B60S",2006-01-03,1.2,3.1,0
"3810","USS0021B60S",2006-01-04,3.5,6.5,1.2
"3811","USS0021B60S",2006-01-05,6,8.6,4.4
"3812","USS0021B60S",2006-01-06,5.9,7.1,4.9
"3813","USS0021B60S",2006-01-07,2.2,5,0.3
"3814","USS0021B60S",2006-01-08,1.1,2.6,0
"3815","USS0021B60S",2006-01-09,3,4.8,1.2
"3816","USS0021B60S",2006-01-10,3.4,6.1,0.8
"3817","USS0021B60S",2006-01-11,1,2.6,0.5
"3818","USS0021B60S",2006-01-12,1.6,3.8,0.4
"3819","USS0021B60S",2006-01-13,2.6,4,1
"3820","USS0021B60S",2006-01-14,0.4,2.5,-2.8
"3821","USS0021B60S",2006-01-15,-1.2,0.6,-2.5
"3822","USS0021B60S",2006-01-16,2.1,5.8,-0.8
"3823","USS0021B60S",2006-01-17,2.3,5.1,1
"3824","USS0021B60S",2006-01-18,1.4,3.5,0.4
"3825","USS0021B60S",2006-01-19,0.6,1.1,0
"3826","USS0021B60S",2006-01-20,0.3,1.1,-0.9
"3827","USS0021B60S",2006-01-21,0.8,3.5,-0.2
"3828","USS0021B60S",2006-01-22,1.3,2.8,0.4
"3829","USS0021B60S",2006-01-23,3.9,8.4,1.5
"3830","USS0021B60S",2006-01-24,9.8,13.7,6.4
"3831","USS0021B60S",2006-01-25,4.2,9.2,0
"3832","USS0021B60S",2006-01-26,-0.1,0.7,-0.6
"3833","USS0021B60S",2006-01-27,-0.4,0.7,-0.8
"3834","USS0021B60S",2006-01-28,0.3,1,-0.3
"3835","USS0021B60S",2006-01-29,0.9,5.2,-0.9
"3836","USS0021B60S",2006-01-30,2.4,5.7,0.5
"3837","USS0021B60S",2006-01-31,0.9,2.8,0
"3838","USS0021B60S",2006-02-01,1.4,2.4,0.6
"3839","USS0021B60S",2006-02-02,1.9,3.6,0.8
"3840","USS0021B60S",2006-02-03,3.3,6.3,0.8
"3841","USS0021B60S",2006-02-04,0.9,5.6,-1.1
"3842","USS0021B60S",2006-02-05,0.5,5.1,-1.4
"3843","USS0021B60S",2006-02-06,6.1,9.8,1.4
"3844","USS0021B60S",2006-02-07,8.9,14.1,5.9
"3845","USS0021B60S",2006-02-08,2.9,7.7,0.1
"3846","USS0021B60S",2006-02-09,3.4,8.9,-0.2
"3847","USS0021B60S",2006-02-10,4.1,6.4,1.6
"3848","USS0021B60S",2006-02-11,6,10.9,2.4
"3849","USS0021B60S",2006-02-12,4.4,9.1,1.6
"3850","USS0021B60S",2006-02-13,1.3,7.5,-2
"3851","USS0021B60S",2006-02-14,-2,3.3,-4.3
"3852","USS0021B60S",2006-02-15,-2.8,5.9,-5.4
"3853","USS0021B60S",2006-02-16,-2.8,3.7,-6.3
"3854","USS0021B60S",2006-02-17,-8.1,-5.3,-10.9
"3855","USS0021B60S",2006-02-18,-4.1,0.8,-7.9
"3856","USS0021B60S",2006-02-19,-1.5,5.2,-4.2
"3857","USS0021B60S",2006-02-20,-1.9,0.9,-4.3
"3858","USS0021B60S",2006-02-21,-0.1,1.2,-1.5
"3859","USS0021B60S",2006-02-22,0.7,1.1,0.1
"3860","USS0021B60S",2006-02-23,-0.7,1.5,-5.7
"3861","USS0021B60S",2006-02-24,-3.3,4.5,-6.6
"3862","USS0021B60S",2006-02-25,1.8,5.8,-3.3
"3863","USS0021B60S",2006-02-26,6.2,10.1,4.3
"3864","USS0021B60S",2006-02-27,4.6,7,3.6
"3865","USS0021B60S",2006-02-28,0.3,5.2,-1.7
"3866","USS0021B60S",2006-03-01,3.7,8.5,-0.5
"3867","USS0021B60S",2006-03-02,2.7,9.2,-0.5
"3868","USS0021B60S",2006-03-03,3.2,8.8,0.1
"3869","USS0021B60S",2006-03-04,2.9,11.2,-0.4
"3870","USS0021B60S",2006-03-05,3.8,5.2,1.3
"3871","USS0021B60S",2006-03-06,3.8,11.2,0.5
"3872","USS0021B60S",2006-03-07,0.5,2.8,-1.4
"3873","USS0021B60S",2006-03-08,-0.8,1.6,-3.4
"3874","USS0021B60S",2006-03-09,-2.9,-1.6,-3.7
"3875","USS0021B60S",2006-03-10,-0.7,11.6,-4.3
"3876","USS0021B60S",2006-03-11,0.3,6.3,-1.9
"3877","USS0021B60S",2006-03-12,1.3,10.7,-2.8
"3878","USS0021B60S",2006-03-13,1.8,9.2,-2.3
"3879","USS0021B60S",2006-03-14,1.2,6.7,-0.5
"3880","USS0021B60S",2006-03-15,1.3,4.8,-0.5
"3881","USS0021B60S",2006-03-16,2.6,5,1
"3882","USS0021B60S",2006-03-17,1.7,7.3,-0.4
"3883","USS0021B60S",2006-03-18,0.4,7.1,-2.3
"3884","USS0021B60S",2006-03-19,2.6,13.9,-2.9
"3885","USS0021B60S",2006-03-20,4.9,10.6,2
"3886","USS0021B60S",2006-03-21,3,5.8,1.6
"3887","USS0021B60S",2006-03-22,4.4,9,1.8
"3888","USS0021B60S",2006-03-23,8.1,12.9,4.6
"3889","USS0021B60S",2006-03-24,3.2,8.9,0.2
"3890","USS0021B60S",2006-03-25,2.5,11.7,-0.8
"3891","USS0021B60S",2006-03-26,0.5,3.1,-1.3
"3892","USS0021B60S",2006-03-27,5.4,11.9,0.6
"3893","USS0021B60S",2006-03-28,4.9,9,2.1
"3894","USS0021B60S",2006-03-29,4.8,12.6,2.5
"3895","USS0021B60S",2006-03-30,5.5,10.8,2.3
"3896","USS0021B60S",2006-03-31,5.4,13,2.3
"3897","USS0021B60S",2006-04-01,1.8,5,0.3
"3898","USS0021B60S",2006-04-02,4.8,9.4,1.5
"3899","USS0021B60S",2006-04-03,5.6,9.1,1.2
"3900","USS0021B60S",2006-04-04,5.7,13.4,0.3
"3901","USS0021B60S",2006-04-05,6.6,15.1,2.4
"3902","USS0021B60S",2006-04-06,4.1,11,1
"3903","USS0021B60S",2006-04-07,7.9,13,3
"3904","USS0021B60S",2006-04-08,4.9,9.4,1.3
"3905","USS0021B60S",2006-04-09,3.5,7.6,1.7
"3906","USS0021B60S",2006-04-10,4.2,8,2.3
"3907","USS0021B60S",2006-04-11,6.6,13.5,2.7
"3908","USS0021B60S",2006-04-12,4.2,6.5,2.3
"3909","USS0021B60S",2006-04-13,1.9,3.5,1.1
"3910","USS0021B60S",2006-04-14,1,3.2,-1
"3911","USS0021B60S",2006-04-15,0.5,8.4,-1.4
"3912","USS0021B60S",2006-04-16,1.4,11.7,-1.8
"3913","USS0021B60S",2006-04-17,2.5,9.5,-0.8
"3914","USS0021B60S",2006-04-18,5.7,13,0
"3915","USS0021B60S",2006-04-19,9.3,16.7,5.4
"3916","USS0021B60S",2006-04-20,8.8,15.1,4.7
"3917","USS0021B60S",2006-04-21,2.2,7.6,-0.6
"3918","USS0021B60S",2006-04-22,6.1,13.7,-0.9
"3919","USS0021B60S",2006-04-23,11.1,17.7,5.7
"3920","USS0021B60S",2006-04-24,11.5,17,7.1
"3921","USS0021B60S",2006-04-25,9.1,16.3,5.4
"3922","USS0021B60S",2006-04-26,4.8,8.5,3.5
"3923","USS0021B60S",2006-04-27,8.5,17.8,3.2
"3924","USS0021B60S",2006-04-28,12.6,18.7,7.7
"3925","USS0021B60S",2006-04-29,5.4,13.8,-0.2
"3926","USS0021B60S",2006-04-30,3.9,10.6,0.1
"3927","USS0021B60S",2006-05-01,2.4,7.6,0.4
"3928","USS0021B60S",2006-05-02,5.2,12.2,-0.2
"3929","USS0021B60S",2006-05-03,10.1,15.9,3.9
"3930","USS0021B60S",2006-05-04,12.6,18.5,8
"3931","USS0021B60S",2006-05-05,12,17.6,3.8
"3932","USS0021B60S",2006-05-06,3.5,6.1,1.9
"3933","USS0021B60S",2006-05-07,3.2,5.1,1.3
"3934","USS0021B60S",2006-05-08,2.6,9.1,-0.1
"3935","USS0021B60S",2006-05-09,6.8,13.4,0
"3936","USS0021B60S",2006-05-10,11.3,17.6,5.4
"3937","USS0021B60S",2006-05-11,7.4,11.9,2.9
"3938","USS0021B60S",2006-05-12,3.5,8.8,0.6
"3939","USS0021B60S",2006-05-13,8.9,16.1,2
"3940","USS0021B60S",2006-05-14,14.4,21.3,6.7
"3941","USS0021B60S",2006-05-15,21,27,15
"3942","USS0021B60S",2006-05-16,18.9,24.1,13.3
"3943","USS0021B60S",2006-05-17,16.9,24.4,11.5
"3944","USS0021B60S",2006-05-18,16.6,22.9,11.6
"3945","USS0021B60S",2006-05-19,13.8,21.4,8.8
"3946","USS0021B60S",2006-05-20,9.6,14.8,7.4
"3947","USS0021B60S",2006-05-21,12.3,18.3,8.4
"3948","USS0021B60S",2006-05-22,8.1,11.2,6
"3949","USS0021B60S",2006-05-23,9.1,12.7,6.6
"3950","USS0021B60S",2006-05-24,7.2,12.1,4.7
"3951","USS0021B60S",2006-05-25,5.7,8.1,4
"3952","USS0021B60S",2006-05-26,4.7,8.1,3
"3953","USS0021B60S",2006-05-27,5.4,7.5,4.2
"3954","USS0021B60S",2006-05-28,5.9,7.1,5
"3955","USS0021B60S",2006-05-29,6.3,8.8,4.3
"3956","USS0021B60S",2006-05-30,12.2,18.7,5.3
"3957","USS0021B60S",2006-05-31,15.4,22.5,10.3
"3958","USS0021B60S",2006-06-01,12.5,15.5,10.8
"3959","USS0021B60S",2006-06-02,10.3,16.3,5.9
"3960","USS0021B60S",2006-06-03,10.8,16,6.2
"3961","USS0021B60S",2006-06-04,9.6,11,8.4
"3962","USS0021B60S",2006-06-05,10.5,14.6,8.2
"3963","USS0021B60S",2006-06-06,11.4,15.2,8.6
"3964","USS0021B60S",2006-06-07,9.6,14.7,7.4
"3965","USS0021B60S",2006-06-08,6.7,7.8,5.2
"3966","USS0021B60S",2006-06-09,7.6,9.3,6.1
"3967","USS0021B60S",2006-06-10,9.4,14,7.2
"3968","USS0021B60S",2006-06-11,14.8,20.5,8.4
"3969","USS0021B60S",2006-06-12,13.9,20.1,11
"3970","USS0021B60S",2006-06-13,9.8,11.2,8.6
"3971","USS0021B60S",2006-06-14,7.9,9.3,6.9
"3972","USS0021B60S",2006-06-15,8.8,10.9,7.2
"3973","USS0021B60S",2006-06-16,9.2,11.7,6.5
"3974","USS0021B60S",2006-06-17,7.6,10.8,5.6
"3975","USS0021B60S",2006-06-18,8.9,13.5,6.1
"3976","USS0021B60S",2006-06-19,8.2,13.8,5.2
"3977","USS0021B60S",2006-06-20,8.9,13.4,5
"3978","USS0021B60S",2006-06-21,8.6,12.4,5.9
"3979","USS0021B60S",2006-06-22,10.3,15.8,6
"3980","USS0021B60S",2006-06-23,13.3,20.2,7.1
"3981","USS0021B60S",2006-06-24,18.7,26.1,11.1
"3982","USS0021B60S",2006-06-25,24,30.1,18
"3983","USS0021B60S",2006-06-26,25.8,31.4,18.6
"3984","USS0021B60S",2006-06-27,20,26.1,10.9
"3985","USS0021B60S",2006-06-28,14.4,20.9,8.2
"3986","USS0021B60S",2006-06-29,16.1,21.7,10.3
"3987","USS0021B60S",2006-06-30,19,26.3,12.7
"3988","USS0021B60S",2006-07-01,18.4,25.2,13
"3989","USS0021B60S",2006-07-02,19.5,26.1,13.5
"3990","USS0021B60S",2006-07-03,18.1,23.8,13.4
"3991","USS0021B60S",2006-07-04,16.1,22.1,11.9
"3992","USS0021B60S",2006-07-05,10.4,12,8.9
"3993","USS0021B60S",2006-07-06,8.6,10.3,7.7
"3994","USS0021B60S",2006-07-07,13.5,21.1,7.7
"3995","USS0021B60S",2006-07-08,18.6,25.9,12.5
"3996","USS0021B60S",2006-07-09,18.4,24.7,13.4
"3997","USS0021B60S",2006-07-10,11.2,14.6,8.7
"3998","USS0021B60S",2006-07-11,12.8,19.6,8.1
"3999","USS0021B60S",2006-07-12,10.5,12.3,8.5
"4000","USS0021B60S",2006-07-13,11,17.6,8.8
"4001","USS0021B60S",2006-07-14,14.2,21.3,10
"4002","USS0021B60S",2006-07-15,12.1,18.5,10.1
"4003","USS0021B60S",2006-07-16,15.4,22.5,9.6
"4004","USS0021B60S",2006-07-17,11.5,17.2,8.1
"4005","USS0021B60S",2006-07-18,11.1,17.2,7.7
"4006","USS0021B60S",2006-07-19,14.1,19.3,9.2
"4007","USS0021B60S",2006-07-20,19.8,26.2,12
"4008","USS0021B60S",2006-07-21,27.2,34.3,22
"4009","USS0021B60S",2006-07-22,25,31.8,20.6
"4010","USS0021B60S",2006-07-23,24.4,31.3,19.6
"4011","USS0021B60S",2006-07-24,21.9,28,16.7
"4012","USS0021B60S",2006-07-25,17.8,24.2,13.4
"4013","USS0021B60S",2006-07-26,17.8,25.2,12.1
"4014","USS0021B60S",2006-07-27,17.6,25.4,13.1
"4015","USS0021B60S",2006-07-28,11.3,17.9,8.6
"4016","USS0021B60S",2006-07-29,10,16.8,7
"4017","USS0021B60S",2006-07-30,8.2,10.7,6.6
"4018","USS0021B60S",2006-07-31,10.1,14.8,5.9
"4019","USS0021B60S",2006-08-01,11.6,17.4,8.2
"4020","USS0021B60S",2006-08-02,11.6,18.6,7.7
"4021","USS0021B60S",2006-08-03,13.7,20.2,9
"4022","USS0021B60S",2006-08-04,13.8,19.7,8.9
"4023","USS0021B60S",2006-08-05,16.7,24.2,11
"4024","USS0021B60S",2006-08-06,18.6,26,13.2
"4025","USS0021B60S",2006-08-07,19,25.7,11.5
"4026","USS0021B60S",2006-08-08,14.5,20.7,9.5
"4027","USS0021B60S",2006-08-09,12.5,14.4,11.6
"4028","USS0021B60S",2006-08-10,11,12.9,8.8
"4029","USS0021B60S",2006-08-11,9.7,12.9,8
"4030","USS0021B60S",2006-08-12,12.3,19.2,7.6
"4031","USS0021B60S",2006-08-13,16.5,23.5,10
"4032","USS0021B60S",2006-08-14,17.6,24.7,12.2
"4033","USS0021B60S",2006-08-15,12.9,18.5,8.6
"4034","USS0021B60S",2006-08-16,10.1,12,8.2
"4035","USS0021B60S",2006-08-17,13.1,18.9,8.6
"4036","USS0021B60S",2006-08-18,18.5,24.4,12.3
"4037","USS0021B60S",2006-08-19,19.1,25.4,14.8
"4038","USS0021B60S",2006-08-20,19.6,26.2,14.3
"4039","USS0021B60S",2006-08-21,17.6,23.1,11.5
"4040","USS0021B60S",2006-08-22,12.5,17.6,9.5
"4041","USS0021B60S",2006-08-23,10.5,13.4,8.4
"4042","USS0021B60S",2006-08-24,9.7,12.1,8.7
"4043","USS0021B60S",2006-08-25,14.2,21,8.1
"4044","USS0021B60S",2006-08-26,17.7,24.9,12.9
"4045","USS0021B60S",2006-08-27,19.7,26.5,14.8
"4046","USS0021B60S",2006-08-28,19.9,26.3,9.8
"4047","USS0021B60S",2006-08-29,8.4,11.2,6.4
"4048","USS0021B60S",2006-08-30,7.7,11,6
"4049","USS0021B60S",2006-08-31,11.6,17.9,5.7
"4050","USS0021B60S",2006-09-01,17.5,23.3,10.8
"4051","USS0021B60S",2006-09-02,21.9,29.3,15.4
"4052","USS0021B60S",2006-09-03,21.5,27.2,16.9
"4053","USS0021B60S",2006-09-04,17.8,22.9,14.2
"4054","USS0021B60S",2006-09-05,16.7,22.9,12.4
"4055","USS0021B60S",2006-09-06,16.3,22.8,12.5
"4056","USS0021B60S",2006-09-07,14.3,20.2,10.6
"4057","USS0021B60S",2006-09-08,12.9,18.5,10
"4058","USS0021B60S",2006-09-09,9.3,11.2,7.6
"4059","USS0021B60S",2006-09-10,11.8,18.2,6.9
"4060","USS0021B60S",2006-09-11,15.5,21.2,11.8
"4061","USS0021B60S",2006-09-12,14.2,20.3,10.4
"4062","USS0021B60S",2006-09-13,7.9,10.7,5.2
"4063","USS0021B60S",2006-09-14,5,7.1,3.3
"4064","USS0021B60S",2006-09-15,6,9.1,4.6
"4065","USS0021B60S",2006-09-16,7,10.6,5.2
"4066","USS0021B60S",2006-09-17,10.4,13.1,6.3
"4067","USS0021B60S",2006-09-18,9.6,12.3,7.2
"4068","USS0021B60S",2006-09-19,7.4,9.5,6.5
"4069","USS0021B60S",2006-09-20,7,8,6.2
"4070","USS0021B60S",2006-09-21,6.5,8.8,4.6
"4071","USS0021B60S",2006-09-22,7.3,10.3,4.5
"4072","USS0021B60S",2006-09-23,13,17.9,7.8
"4073","USS0021B60S",2006-09-24,16.4,21.8,12.7
"4074","USS0021B60S",2006-09-25,16.7,22.3,13.5
"4075","USS0021B60S",2006-09-26,16.9,22.8,13.1
"4076","USS0021B60S",2006-09-27,18.2,24.4,14.5
"4077","USS0021B60S",2006-09-28,15.9,21.5,12.9
"4078","USS0021B60S",2006-09-29,15.1,21.4,11.1
"4079","USS0021B60S",2006-09-30,9.3,12.1,6.1
"4080","USS0021B60S",2006-10-01,7.3,10.9,5.2
"4081","USS0021B60S",2006-10-02,7.2,11.9,4.9
"4082","USS0021B60S",2006-10-03,8,11,5.5
"4083","USS0021B60S",2006-10-04,11.8,18.8,8.3
"4084","USS0021B60S",2006-10-05,10.2,13.7,7.3
"4085","USS0021B60S",2006-10-06,7.2,8.5,6
"4086","USS0021B60S",2006-10-07,6.2,10.7,4.6
"4087","USS0021B60S",2006-10-08,7,9.2,5.5
"4088","USS0021B60S",2006-10-09,9.8,14.7,6.3
"4089","USS0021B60S",2006-10-10,11.7,17.6,8.5
"4090","USS0021B60S",2006-10-11,13.6,18.8,10.2
"4091","USS0021B60S",2006-10-12,14.9,20.1,12.4
"4092","USS0021B60S",2006-10-13,12.3,17.7,8.6
"4093","USS0021B60S",2006-10-14,11,16.5,6.4
"4094","USS0021B60S",2006-10-15,6.1,7.9,5.1
"4095","USS0021B60S",2006-10-16,5.6,7.2,4.5
"4096","USS0021B60S",2006-10-17,6.3,8,5.1
"4097","USS0021B60S",2006-10-18,5.8,7.2,5
"4098","USS0021B60S",2006-10-19,8.2,10.1,5.5
"4099","USS0021B60S",2006-10-20,5.7,9.2,3.8
"4100","USS0021B60S",2006-10-21,10.1,14.2,6.8
"4101","USS0021B60S",2006-10-22,10.2,15,5.3
"4102","USS0021B60S",2006-10-23,6.4,11.9,3.6
"4103","USS0021B60S",2006-10-24,3.1,6.3,1.4
"4104","USS0021B60S",2006-10-25,3.1,4.5,1.6
"4105","USS0021B60S",2006-10-26,5.4,6.8,4
"4106","USS0021B60S",2006-10-27,7.1,8.5,5.8
"4107","USS0021B60S",2006-10-28,6.1,10.7,4.5
"4108","USS0021B60S",2006-10-29,1.1,5.9,-2.4
"4109","USS0021B60S",2006-10-30,-1.1,3.2,-3.7
"4110","USS0021B60S",2006-10-31,0.9,5.2,-2.4
"4111","USS0021B60S",2006-11-01,4.7,6.9,2
"4112","USS0021B60S",2006-11-02,5.9,7.3,4.3
"4113","USS0021B60S",2006-11-03,8.1,9.4,6.7
"4114","USS0021B60S",2006-11-04,7.6,9,6.2
"4115","USS0021B60S",2006-11-05,7.4,11,6.1
"4116","USS0021B60S",2006-11-06,10.8,11.8,8.1
"4117","USS0021B60S",2006-11-07,7,9.3,3.7
"4118","USS0021B60S",2006-11-08,3,5.5,1.1
"4119","USS0021B60S",2006-11-09,1.4,2.5,0.5
"4120","USS0021B60S",2006-11-10,1.6,3.1,0.4
"4121","USS0021B60S",2006-11-11,1.2,1.6,0.5
"4122","USS0021B60S",2006-11-12,1.8,3.1,1.2
"4123","USS0021B60S",2006-11-13,1.3,3.9,0.5
"4124","USS0021B60S",2006-11-14,1.3,3.5,-0.2
"4125","USS0021B60S",2006-11-15,5.3,8.6,0.6
"4126","USS0021B60S",2006-11-16,1.3,5.5,-0.4
"4127","USS0021B60S",2006-11-17,3,5.3,0.8
"4128","USS0021B60S",2006-11-18,5,7.6,2.3
"4129","USS0021B60S",2006-11-19,5.5,8.2,2.7
"4130","USS0021B60S",2006-11-20,2.9,6.3,1.4
"4131","USS0021B60S",2006-11-21,1.6,3.5,0.2
"4132","USS0021B60S",2006-11-22,1.2,3.3,0
"4133","USS0021B60S",2006-11-23,-0.4,0.3,-1.4
"4134","USS0021B60S",2006-11-24,-1,-0.1,-1.5
"4135","USS0021B60S",2006-11-25,-2.2,0.4,-3.3
"4136","USS0021B60S",2006-11-26,-1.5,1,-3.4
"4137","USS0021B60S",2006-11-27,-4.7,-2.6,-6.3
"4138","USS0021B60S",2006-11-28,-7.5,-5.3,-10.6
"4139","USS0021B60S",2006-11-29,-3.6,1.7,-9.7
"4140","USS0021B60S",2006-11-30,0.4,2.4,-0.5
"4141","USS0021B60S",2006-12-01,-1,2.4,-3.6
"4142","USS0021B60S",2006-12-02,0.7,4.9,-3.4
"4143","USS0021B60S",2006-12-03,6.3,8.8,3.1
"4144","USS0021B60S",2006-12-04,3.9,6.4,1.9
"4145","USS0021B60S",2006-12-05,4.7,8.3,1.7
"4146","USS0021B60S",2006-12-06,9.8,11.8,7
"4147","USS0021B60S",2006-12-07,10.1,12.1,8.6
"4148","USS0021B60S",2006-12-08,10.8,13.2,8.2
"4149","USS0021B60S",2006-12-09,5.4,10.3,2.1
"4150","USS0021B60S",2006-12-10,4.2,7,2
"4151","USS0021B60S",2006-12-11,3.4,4.8,1.9
"4152","USS0021B60S",2006-12-12,1.6,3,1.1
"4153","USS0021B60S",2006-12-13,2.5,5.9,0.8
"4154","USS0021B60S",2006-12-14,3.1,6.3,0
"4155","USS0021B60S",2006-12-15,-1.4,3.5,-2.9
"4156","USS0021B60S",2006-12-16,-0.6,1.5,-3.6
"4157","USS0021B60S",2006-12-17,-1.2,1.7,-2.8
"4158","USS0021B60S",2006-12-18,2.3,5,-2.6
"4159","USS0021B60S",2006-12-19,4.1,6.5,1.6
"4160","USS0021B60S",2006-12-20,4.5,6.4,3
"4161","USS0021B60S",2006-12-21,1.4,3.2,-0.3
"4162","USS0021B60S",2006-12-22,0.6,3.4,-0.6
"4163","USS0021B60S",2006-12-23,0.7,2.4,-0.5
"4164","USS0021B60S",2006-12-24,2,4.4,0
"4165","USS0021B60S",2006-12-25,1.7,4,0.8
"4166","USS0021B60S",2006-12-26,2,3.5,0.3
"4167","USS0021B60S",2006-12-27,-1.6,0.4,-3
"4168","USS0021B60S",2006-12-28,-0.9,3.6,-4.5
"4169","USS0021B60S",2006-12-29,2.8,6.5,-0.6
"4170","USS0021B60S",2006-12-30,3.7,7.1,-0.7
"4171","USS0021B60S",2006-12-31,2.7,4.6,1.6
"4172","USS0021B60S",2007-01-01,4.2,6.6,1.8
"4173","USS0021B60S",2007-01-02,5.1,7.5,2.6
"4174","USS0021B60S",2007-01-03,1.3,2.8,-0.3
"4175","USS0021B60S",2007-01-04,-1.7,-0.2,-3.3
"4176","USS0021B60S",2007-01-05,-1.1,0.6,-3.9
"4177","USS0021B60S",2007-01-06,-1.1,0.7,-2.3
"4178","USS0021B60S",2007-01-07,1.9,3.6,-0.6
"4179","USS0021B60S",2007-01-08,1.6,4.2,-0.1
"4180","USS0021B60S",2007-01-09,2.4,7.3,-4.9
"4181","USS0021B60S",2007-01-10,-4.6,-4,-7
"4182","USS0021B60S",2007-01-11,-6.7,-4.5,-8.1
"4183","USS0021B60S",2007-01-12,-7.3,-5,-9
"4184","USS0021B60S",2007-01-13,-5.9,-2.4,-8.6
"4185","USS0021B60S",2007-01-14,-4,-0.2,-7.6
"4186","USS0021B60S",2007-01-15,0.7,3.6,-2.3
"4187","USS0021B60S",2007-01-16,-0.4,2.2,-2.2
"4188","USS0021B60S",2007-01-17,-1.7,1.6,-2.8
"4189","USS0021B60S",2007-01-18,0.6,2.6,-1.7
"4190","USS0021B60S",2007-01-19,2,4.2,0.2
"4191","USS0021B60S",2007-01-20,-0.8,0.9,-1.8
"4192","USS0021B60S",2007-01-21,0.5,2.5,-1.4
"4193","USS0021B60S",2007-01-22,3.4,4.2,2
"4194","USS0021B60S",2007-01-23,5.4,8.7,3.1
"4195","USS0021B60S",2007-01-24,8.9,13.9,2.6
"4196","USS0021B60S",2007-01-25,2.9,7.5,0.1
"4197","USS0021B60S",2007-01-26,6.3,10.7,1.3
"4198","USS0021B60S",2007-01-27,5.8,8.7,3.1
"4199","USS0021B60S",2007-01-28,7.4,11.1,4.8
"4200","USS0021B60S",2007-01-29,6,10.2,3.1
"4201","USS0021B60S",2007-01-30,3.8,8.7,1.8
"4202","USS0021B60S",2007-01-31,2.5,9.2,0.6
"4203","USS0021B60S",2007-02-01,2,8,-0.4
"4204","USS0021B60S",2007-02-02,3.7,9,-0.2
"4205","USS0021B60S",2007-02-03,2.4,5.9,-0.2
"4206","USS0021B60S",2007-02-04,7.2,10.4,3.6
"4207","USS0021B60S",2007-02-05,10.7,14.3,8.3
"4208","USS0021B60S",2007-02-06,8,12.7,5.1
"4209","USS0021B60S",2007-02-07,7.3,10.7,3.5
"4210","USS0021B60S",2007-02-08,4.3,8.6,2.6
"4211","USS0021B60S",2007-02-09,4.6,8.2,2.5
"4212","USS0021B60S",2007-02-10,6.8,10.6,4
"4213","USS0021B60S",2007-02-11,3.6,6,1.3
"4214","USS0021B60S",2007-02-12,3.4,7.8,1.4
"4215","USS0021B60S",2007-02-13,2.7,4.3,1.3
"4216","USS0021B60S",2007-02-14,2.4,4.2,0.9
"4217","USS0021B60S",2007-02-15,4.4,5.9,2
"4218","USS0021B60S",2007-02-16,3.9,8.2,2.1
"4219","USS0021B60S",2007-02-17,6.2,12.4,0.9
"4220","USS0021B60S",2007-02-18,0.3,1.4,-0.4
"4221","USS0021B60S",2007-02-19,1,1.8,0
"4222","USS0021B60S",2007-02-20,-1,1.1,-2
"4223","USS0021B60S",2007-02-21,0.2,6.6,-2
"4224","USS0021B60S",2007-02-22,-0.2,5.6,-2
"4225","USS0021B60S",2007-02-23,-1.9,1.8,-3
"4226","USS0021B60S",2007-02-24,0.2,1.6,-2.4
"4227","USS0021B60S",2007-02-25,1.2,5.2,-0.3
"4228","USS0021B60S",2007-02-26,-0.9,3.3,-3.1
"4229","USS0021B60S",2007-02-27,-0.8,6.8,-2.9
"4230","USS0021B60S",2007-02-28,-2.9,-0.5,-5.8
"4231","USS0021B60S",2007-03-01,-3.8,3.5,-6.3
"4232","USS0021B60S",2007-03-02,0.7,4.4,-4.3
"4233","USS0021B60S",2007-03-03,4.6,8.8,2.6
"4234","USS0021B60S",2007-03-04,9.4,15.6,5.6
"4235","USS0021B60S",2007-03-05,7,12.3,4.2
"4236","USS0021B60S",2007-03-06,9.8,16.6,7
"4237","USS0021B60S",2007-03-07,4.3,9.2,0.6
"4238","USS0021B60S",2007-03-08,1,3.1,-0.2
"4239","USS0021B60S",2007-03-09,4.1,11.4,1
"4240","USS0021B60S",2007-03-10,5,7.5,3.6
"4241","USS0021B60S",2007-03-11,8.3,9.7,5.8
"4242","USS0021B60S",2007-03-12,3.3,8.1,-0.5
"4243","USS0021B60S",2007-03-13,0.5,7.8,-2.8
"4244","USS0021B60S",2007-03-14,-0.2,3.7,-2
"4245","USS0021B60S",2007-03-15,2,10.2,-2
"4246","USS0021B60S",2007-03-16,8.2,13.3,4.5
"4247","USS0021B60S",2007-03-17,6.5,8.8,5.5
"4248","USS0021B60S",2007-03-18,6.3,9.3,4.5
"4249","USS0021B60S",2007-03-19,4,7.2,1.2
"4250","USS0021B60S",2007-03-20,-0.4,1.9,-3.7
"4251","USS0021B60S",2007-03-21,1,9.3,-3.7
"4252","USS0021B60S",2007-03-22,2.5,6,1.3
"4253","USS0021B60S",2007-03-23,5.1,7.6,2.5
"4254","USS0021B60S",2007-03-24,5.9,7.6,1.3
"4255","USS0021B60S",2007-03-25,1.9,5.4,0.7
"4256","USS0021B60S",2007-03-26,4.3,10.2,1
"4257","USS0021B60S",2007-03-27,1.5,7.2,-1.4
"4258","USS0021B60S",2007-03-28,2.5,10.6,-1.4
"4259","USS0021B60S",2007-03-29,9.1,16.7,0.9
"4260","USS0021B60S",2007-03-30,6.5,12.6,3.4
"4261","USS0021B60S",2007-03-31,2.6,5.1,-0.2
"4262","USS0021B60S",2007-04-01,-0.7,1.9,-2.4
"4263","USS0021B60S",2007-04-02,-0.2,9.4,-2.8
"4264","USS0021B60S",2007-04-03,4.4,12.3,-2.7
"4265","USS0021B60S",2007-04-04,5.8,7.9,3.1
"4266","USS0021B60S",2007-04-05,10.5,17.1,6.7
"4267","USS0021B60S",2007-04-06,13.5,19.4,9
"4268","USS0021B60S",2007-04-07,9.8,14.1,6.1
"4269","USS0021B60S",2007-04-08,6.3,12.3,3.9
"4270","USS0021B60S",2007-04-09,1.8,4.1,0.1
"4271","USS0021B60S",2007-04-10,1.1,5.5,-0.5
"4272","USS0021B60S",2007-04-11,4.6,9.9,0.3
"4273","USS0021B60S",2007-04-12,3,8.2,1.4
"4274","USS0021B60S",2007-04-13,4.6,8.3,1.2
"4275","USS0021B60S",2007-04-14,3.4,9.6,0.5
"4276","USS0021B60S",2007-04-15,2.9,11.8,-0.2
"4277","USS0021B60S",2007-04-16,3.4,6.6,1.1
"4278","USS0021B60S",2007-04-17,2.1,8.4,0.3
"4279","USS0021B60S",2007-04-18,1.9,7.9,0
"4280","USS0021B60S",2007-04-19,2.7,12.6,-0.5
"4281","USS0021B60S",2007-04-20,4.9,11.6,0.1
"4282","USS0021B60S",2007-04-21,6.3,11.6,3.5
"4283","USS0021B60S",2007-04-22,5.2,12.5,2.5
"4284","USS0021B60S",2007-04-23,7.8,15.5,3.5
"4285","USS0021B60S",2007-04-24,4.7,6.7,3.1
"4286","USS0021B60S",2007-04-25,3.5,7.8,1.2
"4287","USS0021B60S",2007-04-26,4.5,7.1,2.9
"4288","USS0021B60S",2007-04-27,6.5,7.9,4.8
"4289","USS0021B60S",2007-04-28,6.6,13.3,3.4
"4290","USS0021B60S",2007-04-29,5.3,10.5,2.5
"4291","USS0021B60S",2007-04-30,6.9,13.9,2.9
"4292","USS0021B60S",2007-05-01,6.2,11.9,2.3
"4293","USS0021B60S",2007-05-02,4.1,10.6,0.9
"4294","USS0021B60S",2007-05-03,2.5,7.7,0.3
"4295","USS0021B60S",2007-05-04,2.8,8.9,0.6
"4296","USS0021B60S",2007-05-05,4.3,11,0.8
"4297","USS0021B60S",2007-05-06,6.6,12.2,3.4
"4298","USS0021B60S",2007-05-07,12.9,20,6.7
"4299","USS0021B60S",2007-05-08,12.9,22.4,2.4
"4300","USS0021B60S",2007-05-09,6.8,14.8,0.9
"4301","USS0021B60S",2007-05-10,9.2,16.4,4.2
"4302","USS0021B60S",2007-05-11,9.2,15.7,4.2
"4303","USS0021B60S",2007-05-12,7.1,11.7,2.2
"4304","USS0021B60S",2007-05-13,2.7,6.5,0.6
"4305","USS0021B60S",2007-05-14,12,18.9,2.1
"4306","USS0021B60S",2007-05-15,16.1,23.7,8.9
"4307","USS0021B60S",2007-05-16,9.5,15.6,5.5
"4308","USS0021B60S",2007-05-17,7.6,14.5,4.8
"4309","USS0021B60S",2007-05-18,9.5,17.1,5.5
"4310","USS0021B60S",2007-05-19,5.6,10.5,3.9
"4311","USS0021B60S",2007-05-20,4.1,7.4,1
"4312","USS0021B60S",2007-05-21,3.8,6.8,1.3
"4313","USS0021B60S",2007-05-22,6.8,12.9,3.6
"4314","USS0021B60S",2007-05-23,9.6,15,5.2
"4315","USS0021B60S",2007-05-24,11.7,18.2,6.1
"4316","USS0021B60S",2007-05-25,14.4,19.8,9.7
"4317","USS0021B60S",2007-05-26,11.8,17.4,8.3
"4318","USS0021B60S",2007-05-27,5,8.9,2.9
"4319","USS0021B60S",2007-05-28,6.7,14.1,3
"4320","USS0021B60S",2007-05-29,16.3,23.8,6
"4321","USS0021B60S",2007-05-30,18.9,25.6,13.9
"4322","USS0021B60S",2007-05-31,17.3,24,12.8
"4323","USS0021B60S",2007-06-01,16.5,23.2,10.9
"4324","USS0021B60S",2007-06-02,17.7,24.1,11.5
"4325","USS0021B60S",2007-06-03,19.3,26.5,12.2
"4326","USS0021B60S",2007-06-04,12.9,17.8,8.9
"4327","USS0021B60S",2007-06-05,6.3,8.9,4.5
"4328","USS0021B60S",2007-06-06,4.7,6.3,3.5
"4329","USS0021B60S",2007-06-07,6.4,8.8,4.4
"4330","USS0021B60S",2007-06-08,8,10.1,6.3
"4331","USS0021B60S",2007-06-09,9.2,11,7.8
"4332","USS0021B60S",2007-06-10,6.7,9.2,4.1
"4333","USS0021B60S",2007-06-11,5.4,8.5,3.3
"4334","USS0021B60S",2007-06-12,10.2,17.3,3.6
"4335","USS0021B60S",2007-06-13,7.5,9.5,5.4
"4336","USS0021B60S",2007-06-14,7.6,12,4.4
"4337","USS0021B60S",2007-06-15,8.3,10.1,7.2
"4338","USS0021B60S",2007-06-16,6.9,9.2,5.4
"4339","USS0021B60S",2007-06-17,6.4,7.5,5.6
"4340","USS0021B60S",2007-06-18,6.7,10.4,4.9
"4341","USS0021B60S",2007-06-19,13.8,19.3,6.3
"4342","USS0021B60S",2007-06-20,16.7,23.2,9.3
"4343","USS0021B60S",2007-06-21,11.6,18.8,7.9
"4344","USS0021B60S",2007-06-22,8.8,16.1,5.4
"4345","USS0021B60S",2007-06-23,8.8,16.1,4.4
"4346","USS0021B60S",2007-06-24,6.1,9.4,4.4
"4347","USS0021B60S",2007-06-25,7.7,14.4,3.4
"4348","USS0021B60S",2007-06-26,16.4,23.3,9.6
"4349","USS0021B60S",2007-06-27,13,18.2,8.3
"4350","USS0021B60S",2007-06-28,12.6,18.7,10.1
"4351","USS0021B60S",2007-06-29,9.2,13.5,7
"4352","USS0021B60S",2007-06-30,11,17.4,5.4
"4353","USS0021B60S",2007-07-01,13.9,20.2,9.1
"4354","USS0021B60S",2007-07-02,14,21,9.1
"4355","USS0021B60S",2007-07-03,17,23.5,10
"4356","USS0021B60S",2007-07-04,19.2,26.3,13.3
"4357","USS0021B60S",2007-07-05,18.3,24.8,12.1
"4358","USS0021B60S",2007-07-06,15.5,22.1,10.3
"4359","USS0021B60S",2007-07-07,14.8,21.2,9.5
"4360","USS0021B60S",2007-07-08,14.3,21,9.6
"4361","USS0021B60S",2007-07-09,16.1,22.7,9.8
"4362","USS0021B60S",2007-07-10,23.3,28.9,16.5
"4363","USS0021B60S",2007-07-11,26.3,32.8,19.7
"4364","USS0021B60S",2007-07-12,18.8,24.2,13.3
"4365","USS0021B60S",2007-07-13,15.5,19.8,11.5
"4366","USS0021B60S",2007-07-14,18.5,25.5,12.7
"4367","USS0021B60S",2007-07-15,15.8,21.1,12.4
"4368","USS0021B60S",2007-07-16,15,21.5,11.3
"4369","USS0021B60S",2007-07-17,14.1,17,12.3
"4370","USS0021B60S",2007-07-18,12.9,17.5,10.6
"4371","USS0021B60S",2007-07-19,12.1,17.7,9.9
"4372","USS0021B60S",2007-07-20,11.8,14.4,10.4
"4373","USS0021B60S",2007-07-21,13.5,17.7,10.5
"4374","USS0021B60S",2007-07-22,14,16.1,12.2
"4375","USS0021B60S",2007-07-23,13.9,16.1,10
"4376","USS0021B60S",2007-07-24,11.6,18.8,7.3
"4377","USS0021B60S",2007-07-25,14.8,21.9,8.7
"4378","USS0021B60S",2007-07-26,14.6,20.7,11.2
"4379","USS0021B60S",2007-07-27,15.3,22.4,10.3
"4380","USS0021B60S",2007-07-28,14.6,19.8,10.6
"4381","USS0021B60S",2007-07-29,11.5,13.4,8.3
"4382","USS0021B60S",2007-07-30,11.5,18.8,7.3
"4383","USS0021B60S",2007-07-31,14.6,21.6,8.6
"4384","USS0021B60S",2007-08-01,17.7,24.7,12.3
"4385","USS0021B60S",2007-08-02,18.5,24.5,10.6
"4386","USS0021B60S",2007-08-03,11.3,14.7,9.1
"4387","USS0021B60S",2007-08-04,11.7,16.2,8.5
"4388","USS0021B60S",2007-08-05,14.7,21.3,10.8
"4389","USS0021B60S",2007-08-06,12.6,17.9,10.6
"4390","USS0021B60S",2007-08-07,10.3,11.6,8.8
"4391","USS0021B60S",2007-08-08,10.6,13.7,8.6
"4392","USS0021B60S",2007-08-09,10,14.3,8.3
"4393","USS0021B60S",2007-08-10,9.5,13.7,7.2
"4394","USS0021B60S",2007-08-11,12.6,18.5,7.9
"4395","USS0021B60S",2007-08-12,10.1,13.2,8
"4396","USS0021B60S",2007-08-13,13.4,20.5,7.5
"4397","USS0021B60S",2007-08-14,18.2,24.3,12.1
"4398","USS0021B60S",2007-08-15,19.1,25.9,13.9
"4399","USS0021B60S",2007-08-16,12.3,18.1,9.6
"4400","USS0021B60S",2007-08-17,12.4,19,8.2
"4401","USS0021B60S",2007-08-18,11,17.4,8.3
"4402","USS0021B60S",2007-08-19,8.9,10.2,7.9
"4403","USS0021B60S",2007-08-20,10.2,11.6,8.9
"4404","USS0021B60S",2007-08-21,12.1,14.6,10.6
"4405","USS0021B60S",2007-08-22,12.2,16.2,9.8
"4406","USS0021B60S",2007-08-23,13.8,20.1,10
"4407","USS0021B60S",2007-08-24,15.1,21.7,10.8
"4408","USS0021B60S",2007-08-25,10.5,12.8,9.1
"4409","USS0021B60S",2007-08-26,8.7,13.7,6.6
"4410","USS0021B60S",2007-08-27,10.1,16.3,6
"4411","USS0021B60S",2007-08-28,14.5,21.2,8.6
"4412","USS0021B60S",2007-08-29,20.7,27.4,14.5
"4413","USS0021B60S",2007-08-30,18.8,24,13.4
"4414","USS0021B60S",2007-08-31,11.8,14.9,9.4
"4415","USS0021B60S",2007-09-01,12.8,19.7,7.4
"4416","USS0021B60S",2007-09-02,14.6,20.3,10.7
"4417","USS0021B60S",2007-09-03,15.4,21.3,10.6
"4418","USS0021B60S",2007-09-04,12.2,13.8,11.2
"4419","USS0021B60S",2007-09-05,12.7,18.5,9.6
"4420","USS0021B60S",2007-09-06,11.1,16,8.5
"4421","USS0021B60S",2007-09-07,10.2,16,7.4
"4422","USS0021B60S",2007-09-08,13.2,18.7,8.2
"4423","USS0021B60S",2007-09-09,16,21.7,12
"4424","USS0021B60S",2007-09-10,19.8,26.7,15
"4425","USS0021B60S",2007-09-11,19.5,25.4,13.8
"4426","USS0021B60S",2007-09-12,14.7,19.7,11.5
"4427","USS0021B60S",2007-09-13,16,24.1,11
"4428","USS0021B60S",2007-09-14,10.3,11.6,9.4
"4429","USS0021B60S",2007-09-15,10,12,8.6
"4430","USS0021B60S",2007-09-16,8,8.8,7.3
"4431","USS0021B60S",2007-09-17,8.4,11.6,5.4
"4432","USS0021B60S",2007-09-18,5.8,8.9,4
"4433","USS0021B60S",2007-09-19,7.1,11.7,3.1
"4434","USS0021B60S",2007-09-20,7.8,10.8,5.9
"4435","USS0021B60S",2007-09-21,9.7,15.2,5.8
"4436","USS0021B60S",2007-09-22,6.2,11.6,3.9
"4437","USS0021B60S",2007-09-23,6.2,9.2,4.2
"4438","USS0021B60S",2007-09-24,8.2,14,4.9
"4439","USS0021B60S",2007-09-25,7.5,9.1,5.4
"4440","USS0021B60S",2007-09-26,9.7,14.8,5.4
"4441","USS0021B60S",2007-09-27,11.8,16,5.4
"4442","USS0021B60S",2007-09-28,3.6,6.9,1.7
"4443","USS0021B60S",2007-09-29,4.7,7.4,2.8
"4444","USS0021B60S",2007-09-30,6.3,7.2,4.7
"4445","USS0021B60S",2007-10-01,5.8,7.1,4.7
"4446","USS0021B60S",2007-10-02,6,7.2,1.8
"4447","USS0021B60S",2007-10-03,2.9,4.3,1.5
"4448","USS0021B60S",2007-10-04,3.1,7.4,1.4
"4449","USS0021B60S",2007-10-05,3.4,6.1,1.4
"4450","USS0021B60S",2007-10-06,4.9,8.4,2.2
"4451","USS0021B60S",2007-10-07,7.4,9.6,4
"4452","USS0021B60S",2007-10-08,7.4,12,2.5
"4453","USS0021B60S",2007-10-09,12,16.6,8.9
"4454","USS0021B60S",2007-10-10,6.9,9.1,4.8
"4455","USS0021B60S",2007-10-11,7.2,10.8,4
"4456","USS0021B60S",2007-10-12,7.3,11.8,5.1
"4457","USS0021B60S",2007-10-13,8.8,14.1,4.9
"4458","USS0021B60S",2007-10-14,11.8,16.8,9.1
"4459","USS0021B60S",2007-10-15,9.5,12,4.8
"4460","USS0021B60S",2007-10-16,4.3,7.2,2.4
"4461","USS0021B60S",2007-10-17,2.5,3.7,1.4
"4462","USS0021B60S",2007-10-18,4.7,7.2,2.7
"4463","USS0021B60S",2007-10-19,3.5,6.3,1
"4464","USS0021B60S",2007-10-20,2.1,3.8,1
"4465","USS0021B60S",2007-10-21,4.2,5.7,3.5
"4466","USS0021B60S",2007-10-22,8.4,11.2,5.3
"4467","USS0021B60S",2007-10-23,15.5,21.2,10.3
"4468","USS0021B60S",2007-10-24,6.4,13.5,1.5
"4469","USS0021B60S",2007-10-25,1.8,4.8,0
"4470","USS0021B60S",2007-10-26,5.9,9.7,1
"4471","USS0021B60S",2007-10-27,9.7,13.9,7.6
"4472","USS0021B60S",2007-10-28,9.4,14.1,7
"4473","USS0021B60S",2007-10-29,5.2,7.9,1.3
"4474","USS0021B60S",2007-10-30,3.9,8.5,0.9
"4475","USS0021B60S",2007-10-31,6.2,11.5,2.8
"4476","USS0021B60S",2007-11-01,1.7,5.5,0.4
"4477","USS0021B60S",2007-11-02,4.2,9.1,-0.1
"4478","USS0021B60S",2007-11-03,6.4,8.4,3.3
"4479","USS0021B60S",2007-11-04,6.3,7.7,4
"4480","USS0021B60S",2007-11-05,9,13.3,4.6
"4481","USS0021B60S",2007-11-06,9.7,14,7.1
"4482","USS0021B60S",2007-11-07,7.9,9.1,6.6
"4483","USS0021B60S",2007-11-08,10.3,13.4,7.7
"4484","USS0021B60S",2007-11-09,6.4,8.9,5.6
"4485","USS0021B60S",2007-11-10,3.3,7.1,1.4
"4486","USS0021B60S",2007-11-11,2.4,5.4,0.9
"4487","USS0021B60S",2007-11-12,3.6,7.3,0.9
"4488","USS0021B60S",2007-11-13,1.1,4.2,-0.6
"4489","USS0021B60S",2007-11-14,4.1,7.1,-0.1
"4490","USS0021B60S",2007-11-15,5.6,6.5,4.6
"4491","USS0021B60S",2007-11-16,4.6,6.8,3.1
"4492","USS0021B60S",2007-11-17,4.1,5.9,1.3
"4493","USS0021B60S",2007-11-18,1.3,2.9,0.4
"4494","USS0021B60S",2007-11-19,0.4,1.3,-0.3
"4495","USS0021B60S",2007-11-20,-0.2,2.4,-1.6
"4496","USS0021B60S",2007-11-21,1.3,3.8,-1.4
"4497","USS0021B60S",2007-11-22,3,5.2,0
"4498","USS0021B60S",2007-11-23,5.4,8.1,2.6
"4499","USS0021B60S",2007-11-24,2.6,5.9,0.1
"4500","USS0021B60S",2007-11-25,0.5,5.7,-2.1
"4501","USS0021B60S",2007-11-26,4.2,9.6,-0.9
"4502","USS0021B60S",2007-11-27,-0.1,2.2,-1
"4503","USS0021B60S",2007-11-28,0,1.9,-1.8
"4504","USS0021B60S",2007-11-29,-1.2,2,-3
"4505","USS0021B60S",2007-11-30,-1.7,1.6,-3.6
"4506","USS0021B60S",2007-12-01,-3.7,-1.9,-4.7
"4507","USS0021B60S",2007-12-02,1.1,5,-2.8
"4508","USS0021B60S",2007-12-03,7.6,9.3,3.1
"4509","USS0021B60S",2007-12-04,5.4,7.5,3.2
"4510","USS0021B60S",2007-12-05,1.9,3.4,0
"4511","USS0021B60S",2007-12-06,2.1,5.2,0.1
"4512","USS0021B60S",2007-12-07,-0.9,1,-2.6
"4513","USS0021B60S",2007-12-08,-2.2,-0.4,-3.7
"4514","USS0021B60S",2007-12-09,-1.6,-0.2,-3.6
"4515","USS0021B60S",2007-12-10,-0.6,1.7,-3.2
"4516","USS0021B60S",2007-12-11,3.5,6.4,-1.7
"4517","USS0021B60S",2007-12-12,-0.7,0.7,-1.7
"4518","USS0021B60S",2007-12-13,-0.2,1,-1.2
"4519","USS0021B60S",2007-12-14,2.2,4.4,0.7
"4520","USS0021B60S",2007-12-15,0.5,2,-0.1
"4521","USS0021B60S",2007-12-16,1.5,3.9,0
"4522","USS0021B60S",2007-12-17,-0.6,1.5,-3.1
"4523","USS0021B60S",2007-12-18,1.4,2.6,0.4
"4524","USS0021B60S",2007-12-19,0.6,1.5,-0.2
"4525","USS0021B60S",2007-12-20,-1.4,0.5,-3.8
"4526","USS0021B60S",2007-12-21,-1.7,1.4,-3.8
"4527","USS0021B60S",2007-12-22,1.1,2.7,0
"4528","USS0021B60S",2007-12-23,1.8,5.2,0.3
"4529","USS0021B60S",2007-12-24,-1,0.5,-1.9
"4530","USS0021B60S",2007-12-25,-1.5,0.3,-2.4
"4531","USS0021B60S",2007-12-26,-2.1,-1.4,-2.8
"4532","USS0021B60S",2007-12-27,-2.2,-1.2,-3.1
"4533","USS0021B60S",2007-12-28,-0.7,0,-1.9
"4534","USS0021B60S",2007-12-29,-1.5,0.5,-2.9
"4535","USS0021B60S",2007-12-30,-2.3,-2,-2.5
"4536","USS0021B60S",2007-12-31,-2,0.7,-3.7
"4537","USS0021B60S",2008-01-01,2.3,4.7,-1.1
"4538","USS0021B60S",2008-01-02,1.9,4.1,0
"4539","USS0021B60S",2008-01-03,2.3,4,0.9
"4540","USS0021B60S",2008-01-04,3.5,6.9,1.3
"4541","USS0021B60S",2008-01-05,-0.6,2.4,-2.6
"4542","USS0021B60S",2008-01-06,-2,0.2,-3.4
"4543","USS0021B60S",2008-01-07,-2.5,-0.6,-3.2
"4544","USS0021B60S",2008-01-08,-0.2,2.9,-2.5
"4545","USS0021B60S",2008-01-09,-1.4,0.6,-2.1
"4546","USS0021B60S",2008-01-10,1.4,2.4,-0.5
"4547","USS0021B60S",2008-01-11,1.5,2.3,1.1
"4548","USS0021B60S",2008-01-12,2.3,3.7,1.3
"4549","USS0021B60S",2008-01-13,3.1,7.5,-0.2
"4550","USS0021B60S",2008-01-14,2.2,7.2,-4.2
"4551","USS0021B60S",2008-01-15,-4.2,-1.2,-5.8
"4552","USS0021B60S",2008-01-16,-3.1,-0.1,-4.9
"4553","USS0021B60S",2008-01-17,-2.1,0.7,-4.3
"4554","USS0021B60S",2008-01-18,-1.6,1.7,-4.9
"4555","USS0021B60S",2008-01-19,-0.9,0.2,-1.8
"4556","USS0021B60S",2008-01-20,-2.6,-0.4,-5.8
"4557","USS0021B60S",2008-01-21,-4.1,-1.3,-5.8
"4558","USS0021B60S",2008-01-22,-0.3,3.7,-3.6
"4559","USS0021B60S",2008-01-23,2.8,6.1,-0.2
"4560","USS0021B60S",2008-01-24,-0.3,2.9,-3.2
"4561","USS0021B60S",2008-01-25,-1.3,2.5,-4
"4562","USS0021B60S",2008-01-26,0.8,3.2,-1.1
"4563","USS0021B60S",2008-01-27,-3.1,-0.2,-4.9
"4564","USS0021B60S",2008-01-28,-3.7,-1,-5.4
"4565","USS0021B60S",2008-01-29,-2.2,-0.9,-3
"4566","USS0021B60S",2008-01-30,-1.6,0.8,-3
"4567","USS0021B60S",2008-01-31,-1.2,0.4,-1.8
"4568","USS0021B60S",2008-02-01,-1.6,-0.9,-2.5
"4569","USS0021B60S",2008-02-02,-2.4,0.6,-4.6
"4570","USS0021B60S",2008-02-03,-3,-0.6,-4.5
"4571","USS0021B60S",2008-02-04,-2.2,0.2,-3.8
"4572","USS0021B60S",2008-02-05,-0.5,1.5,-2
"4573","USS0021B60S",2008-02-06,-1.6,0.9,-2.6
"4574","USS0021B60S",2008-02-07,0.2,1.2,-0.3
"4575","USS0021B60S",2008-02-08,0.1,1.2,-0.5
"4576","USS0021B60S",2008-02-09,2.8,3.8,1.2
"4577","USS0021B60S",2008-02-10,2,3.4,0.5
"4578","USS0021B60S",2008-02-11,1.8,3,0.5
"4579","USS0021B60S",2008-02-12,3,7.2,-1.2
"4580","USS0021B60S",2008-02-13,-1.1,1.1,-3.1
"4581","USS0021B60S",2008-02-14,-0.1,4.9,-4.1
"4582","USS0021B60S",2008-02-15,2.7,6.2,0
"4583","USS0021B60S",2008-02-16,1.1,7.1,-1.4
"4584","USS0021B60S",2008-02-17,4.5,10,-1.7
"4585","USS0021B60S",2008-02-18,10.6,15,6.1
"4586","USS0021B60S",2008-02-19,6.7,12.3,2.6
"4587","USS0021B60S",2008-02-20,3.7,11.4,1.7
"4588","USS0021B60S",2008-02-21,5.6,12,2.1
"4589","USS0021B60S",2008-02-22,4.4,9.8,1.2
"4590","USS0021B60S",2008-02-23,3.5,9.1,0.4
"4591","USS0021B60S",2008-02-24,4.7,8.9,3
"4592","USS0021B60S",2008-02-25,3.2,6.5,1.6
"4593","USS0021B60S",2008-02-26,6,10.2,1.5
"4594","USS0021B60S",2008-02-27,4.6,7.7,2.4
"4595","USS0021B60S",2008-02-28,5.9,13.3,3.2
"4596","USS0021B60S",2008-02-29,6.5,14,0.3
"4597","USS0021B60S",2008-03-01,0.2,2.8,-1.1
"4598","USS0021B60S",2008-03-02,0.5,5.6,-1.2
"4599","USS0021B60S",2008-03-03,0.3,1.6,-1.3
"4600","USS0021B60S",2008-03-04,1,11.9,-2.2
"4601","USS0021B60S",2008-03-05,2.5,9,-2.3
"4602","USS0021B60S",2008-03-06,6.9,12.9,2.6
"4603","USS0021B60S",2008-03-07,4.6,8.6,1.8
"4604","USS0021B60S",2008-03-08,2.9,8.8,0.9
"4605","USS0021B60S",2008-03-09,7.2,15.5,1.1
"4606","USS0021B60S",2008-03-10,7.3,13,2.3
"4607","USS0021B60S",2008-03-11,0.6,2.6,-0.8
"4608","USS0021B60S",2008-03-12,2.1,10.9,-2.2
"4609","USS0021B60S",2008-03-13,1.3,4,0.2
"4610","USS0021B60S",2008-03-14,1.1,4.7,0.1
"4611","USS0021B60S",2008-03-15,0.8,5,-0.5
"4612","USS0021B60S",2008-03-16,-0.3,3.4,-1.4
"4613","USS0021B60S",2008-03-17,1.3,3.5,-0.8
"4614","USS0021B60S",2008-03-18,0.8,3.8,-1
"4615","USS0021B60S",2008-03-19,1.8,9.5,-1.1
"4616","USS0021B60S",2008-03-20,0.3,5.3,-1.6
"4617","USS0021B60S",2008-03-21,-0.9,5,-2.5
"4618","USS0021B60S",2008-03-22,3.8,9.7,-2.2
"4619","USS0021B60S",2008-03-23,1.1,4.9,-3
"4620","USS0021B60S",2008-03-24,-0.1,10.2,-2.9
"4621","USS0021B60S",2008-03-25,0.3,6.3,-2.5
"4622","USS0021B60S",2008-03-26,-0.5,5.4,-3.2
"4623","USS0021B60S",2008-03-27,-2.4,2.2,-4.5
"4624","USS0021B60S",2008-03-28,-1.8,0.6,-3.1
"4625","USS0021B60S",2008-03-29,-1.4,4.3,-3
"4626","USS0021B60S",2008-03-30,-1.5,6.6,-3.5
"4627","USS0021B60S",2008-03-31,-1.6,4.4,-5.6
"4628","USS0021B60S",2008-04-01,0.2,12.3,-7.3
"4629","USS0021B60S",2008-04-02,1.9,13,-5.6
"4630","USS0021B60S",2008-04-03,4.2,12.5,-2.7
"4631","USS0021B60S",2008-04-04,1.3,4.2,-0.6
"4632","USS0021B60S",2008-04-05,1.1,6.4,-1.9
"4633","USS0021B60S",2008-04-06,1.3,5.8,-0.1
"4634","USS0021B60S",2008-04-07,0.6,3.3,-0.5
"4635","USS0021B60S",2008-04-08,0.1,5.8,-4.4
"4636","USS0021B60S",2008-04-09,2,12,-4.3
"4637","USS0021B60S",2008-04-10,2.6,11.3,-0.1
"4638","USS0021B60S",2008-04-11,6.6,16.7,0.9
"4639","USS0021B60S",2008-04-12,12.8,20.1,7.5
"4640","USS0021B60S",2008-04-13,6.3,13.7,1.6
"4641","USS0021B60S",2008-04-14,0.6,6.3,-1.4
"4642","USS0021B60S",2008-04-15,-0.3,2.5,-2.3
"4643","USS0021B60S",2008-04-16,3.3,13.1,-0.2
"4644","USS0021B60S",2008-04-17,3.5,9.1,0.5
"4645","USS0021B60S",2008-04-18,-1.7,0.5,-4
"4646","USS0021B60S",2008-04-19,-1.4,5.7,-4.4
"4647","USS0021B60S",2008-04-20,-1.1,9.8,-4.4
"4648","USS0021B60S",2008-04-21,0.6,14.1,-5.3
"4649","USS0021B60S",2008-04-22,3.5,11.2,-3.1
"4650","USS0021B60S",2008-04-23,3.2,12.1,0.2
"4651","USS0021B60S",2008-04-24,1,4.5,-0.3
"4652","USS0021B60S",2008-04-25,3.1,12.4,-1
"4653","USS0021B60S",2008-04-26,8.8,16.6,-1.2
"4654","USS0021B60S",2008-04-27,9.4,14.7,5
"4655","USS0021B60S",2008-04-28,5.5,12,0.7
"4656","USS0021B60S",2008-04-29,1.5,10.2,-1
"4657","USS0021B60S",2008-04-30,1.2,10,-1.5
"4658","USS0021B60S",2008-05-01,3.9,11.8,-0.5
"4659","USS0021B60S",2008-05-02,7.7,14.3,3.7
"4660","USS0021B60S",2008-05-03,4.4,6.8,2.8
"4661","USS0021B60S",2008-05-04,7.8,16.2,2.4
"4662","USS0021B60S",2008-05-05,8,14.8,4.8
"4663","USS0021B60S",2008-05-06,4.7,8.1,3.5
"4664","USS0021B60S",2008-05-07,3,5,0.6
"4665","USS0021B60S",2008-05-08,2.3,7.9,-0.2
"4666","USS0021B60S",2008-05-09,5.4,14,-0.2
"4667","USS0021B60S",2008-05-10,5.7,8.8,1.8
"4668","USS0021B60S",2008-05-11,2,6.9,0.9
"4669","USS0021B60S",2008-05-12,3.8,8.6,0.6
"4670","USS0021B60S",2008-05-13,4.9,6.1,3.4
"4671","USS0021B60S",2008-05-14,7.7,10.8,5
"4672","USS0021B60S",2008-05-15,12.9,20,6.3
"4673","USS0021B60S",2008-05-16,18.9,25.2,12.8
"4674","USS0021B60S",2008-05-17,17.7,24.9,10.2
"4675","USS0021B60S",2008-05-18,12.5,18.8,8.8
"4676","USS0021B60S",2008-05-19,12.3,19.8,8.1
"4677","USS0021B60S",2008-05-20,5.3,9.2,2.3
"4678","USS0021B60S",2008-05-21,3.4,5.4,2.3
"4679","USS0021B60S",2008-05-22,3.7,5.8,2.2
"4680","USS0021B60S",2008-05-23,7.8,12.7,3.5
"4681","USS0021B60S",2008-05-24,13.6,19.5,9.7
"4682","USS0021B60S",2008-05-25,9.8,14.8,7.5
"4683","USS0021B60S",2008-05-26,8.2,8.9,7.1
"4684","USS0021B60S",2008-05-27,NA,NA,NA
"4685","USS0021B60S",2008-05-28,9.1,13.2,5.8
"4686","USS0021B60S",2008-05-29,5.4,8.4,3.1
"4687","USS0021B60S",2008-05-30,7.3,15.3,2.9
"4688","USS0021B60S",2008-05-31,9.7,17,5.3
"4689","USS0021B60S",2008-06-01,5,7.7,3.5
"4690","USS0021B60S",2008-06-02,5.5,10.4,2.5
"4691","USS0021B60S",2008-06-03,5.4,8.6,2.8
"4692","USS0021B60S",2008-06-04,4.4,6.6,2.7
"4693","USS0021B60S",2008-06-05,4.5,7.2,2.8
"4694","USS0021B60S",2008-06-06,3.4,6.1,1.2
"4695","USS0021B60S",2008-06-07,4.4,5.7,3.3
"4696","USS0021B60S",2008-06-08,6,10.7,3
"4697","USS0021B60S",2008-06-09,4.4,7,0.3
"4698","USS0021B60S",2008-06-10,4.3,9.1,1.3
"4699","USS0021B60S",2008-06-11,4.1,5.6,3
"4700","USS0021B60S",2008-06-12,8.3,11.7,7.1
"4701","USS0021B60S",2008-06-13,6.2,6.7,5.5
"4702","USS0021B60S",2008-06-14,8.3,14.5,3.6
"4703","USS0021B60S",2008-06-15,10.1,17,5.4
"4704","USS0021B60S",2008-06-16,10.1,14.1,6.7
"4705","USS0021B60S",2008-06-17,NA,NA,NA
"4706","USS0021B60S",2008-06-18,NA,NA,NA
"4707","USS0021B60S",2008-06-19,NA,NA,NA
"4708","USS0021B60S",2008-06-20,16.2,18.8,14.2
"4709","USS0021B60S",2008-06-21,15.6,20.7,7.1
"4710","USS0021B60S",2008-06-22,8.2,14.8,6.5
"4711","USS0021B60S",2008-06-23,10.1,15.9,6.3
"4712","USS0021B60S",2008-06-24,10.8,17.2,5.4
"4713","USS0021B60S",2008-06-25,11.9,18.7,6.8
"4714","USS0021B60S",2008-06-26,8.2,14.6,4.7
"4715","USS0021B60S",2008-06-27,16.2,23.6,7.4
"4716","USS0021B60S",2008-06-28,NA,NA,NA
"4717","USS0021B60S",2008-06-29,NA,NA,NA
"4718","USS0021B60S",2008-06-30,NA,NA,NA
"4719","USS0021B60S",2008-07-01,NA,NA,NA
"4720","USS0021B60S",2008-07-02,NA,NA,NA
"4721","USS0021B60S",2008-07-03,NA,NA,NA
"4722","USS0021B60S",2008-07-04,10.9,11.1,10.5
"4723","USS0021B60S",2008-07-05,11.2,12.8,9.1
"4724","USS0021B60S",2008-07-06,9.6,12.8,7.4
"4725","USS0021B60S",2008-07-07,13.3,19.5,7.6
"4726","USS0021B60S",2008-07-08,17.3,24.3,10.8
"4727","USS0021B60S",2008-07-09,NA,NA,NA
"4728","USS0021B60S",2008-07-10,NA,NA,NA
"4729","USS0021B60S",2008-07-11,NA,NA,NA
"4730","USS0021B60S",2008-07-12,NA,NA,NA
"4731","USS0021B60S",2008-07-13,18.3,24.1,12.4
"4732","USS0021B60S",2008-07-14,16.6,22.9,11
"4733","USS0021B60S",2008-07-15,17.8,24.2,12.5
"4734","USS0021B60S",2008-07-16,15.4,22.3,11
"4735","USS0021B60S",2008-07-17,14.5,21.7,9.9
"4736","USS0021B60S",2008-07-18,10.1,12.7,8.5
"4737","USS0021B60S",2008-07-19,12.4,20.1,8.4
"4738","USS0021B60S",2008-07-20,15.4,23.1,9.6
"4739","USS0021B60S",2008-07-21,15.7,22.6,11
"4740","USS0021B60S",2008-07-22,8.9,12,7.2
"4741","USS0021B60S",2008-07-23,7.5,9.3,6.1
"4742","USS0021B60S",2008-07-24,16.3,20.9,13.6
"4743","USS0021B60S",2008-07-25,14.3,17.9,10.9
"4744","USS0021B60S",2008-07-26,13.7,18.8,10.7
"4745","USS0021B60S",2008-07-27,10.7,12.1,9.3
"4746","USS0021B60S",2008-07-28,12.6,19.3,7.9
"4747","USS0021B60S",2008-07-29,10.3,12.3,7.7
"4748","USS0021B60S",2008-07-30,7.7,12.3,5.7
"4749","USS0021B60S",2008-07-31,11.1,15.5,7.1
"4750","USS0021B60S",2008-08-01,10.3,13.2,8.8
"4751","USS0021B60S",2008-08-02,8.5,9.8,7.4
"4752","USS0021B60S",2008-08-03,11.1,15.4,7.4
"4753","USS0021B60S",2008-08-04,18.2,24.2,11
"4754","USS0021B60S",2008-08-05,22.6,28.2,17.7
"4755","USS0021B60S",2008-08-06,22.2,28,16.8
"4756","USS0021B60S",2008-08-07,18.4,23.2,14.9
"4757","USS0021B60S",2008-08-08,14.6,18.5,10.2
"4758","USS0021B60S",2008-08-09,10.1,14,7.8
"4759","USS0021B60S",2008-08-10,9.2,12.1,7.7
"4760","USS0021B60S",2008-08-11,12.9,17.5,9.3
"4761","USS0021B60S",2008-08-12,14.7,19.2,11.5
"4762","USS0021B60S",2008-08-13,14.8,20.8,11.7
"4763","USS0021B60S",2008-08-14,22.7,27.7,14.9
"4764","USS0021B60S",2008-08-15,24.6,28.9,20.1
"4765","USS0021B60S",2008-08-16,24.1,27.9,19.5
"4766","USS0021B60S",2008-08-17,22.2,28.3,16.7
"4767","USS0021B60S",2008-08-18,14.5,23.4,11.6
"4768","USS0021B60S",2008-08-19,11.8,16.1,9.6
"4769","USS0021B60S",2008-08-20,10.4,12.5,8
"4770","USS0021B60S",2008-08-21,8.3,10,7.2
"4771","USS0021B60S",2008-08-22,12.5,17.9,7.4
"4772","USS0021B60S",2008-08-23,17.3,22.5,13
"4773","USS0021B60S",2008-08-24,14.6,19.2,9.2
"4774","USS0021B60S",2008-08-25,8.2,11.7,6.3
"4775","USS0021B60S",2008-08-26,8.7,14,5.9
"4776","USS0021B60S",2008-08-27,8.6,9.8,6.8
"4777","USS0021B60S",2008-08-28,10.6,12.8,8
"4778","USS0021B60S",2008-08-29,12.3,15.7,5.6
"4779","USS0021B60S",2008-08-30,6.5,9.6,4.6
"4780","USS0021B60S",2008-08-31,6.3,9,4
"4781","USS0021B60S",2008-09-01,7.8,10.5,6.1
"4782","USS0021B60S",2008-09-02,9.5,14.7,5.4
"4783","USS0021B60S",2008-09-03,9.8,14.6,6.7
"4784","USS0021B60S",2008-09-04,10.8,14.9,7.4
"4785","USS0021B60S",2008-09-05,11.4,14.2,8.5
"4786","USS0021B60S",2008-09-06,12.1,14.4,10.8
"4787","USS0021B60S",2008-09-07,14.9,18.3,11
"4788","USS0021B60S",2008-09-08,15.7,20.1,11.8
"4789","USS0021B60S",2008-09-09,12.4,16.6,9.3
"4790","USS0021B60S",2008-09-10,12.2,17.4,8.2
"4791","USS0021B60S",2008-09-11,16.6,20.9,11.9
"4792","USS0021B60S",2008-09-12,13.8,18.6,10.4
"4793","USS0021B60S",2008-09-13,13.7,18.2,9.6
"4794","USS0021B60S",2008-09-14,17.7,21.3,13.8
"4795","USS0021B60S",2008-09-15,20.1,24.3,16.8
"4796","USS0021B60S",2008-09-16,22.3,26,18.1
"4797","USS0021B60S",2008-09-17,19,24.1,13.3
"4798","USS0021B60S",2008-09-18,10.5,14.3,8.2
"4799","USS0021B60S",2008-09-19,10.5,16.1,7.2
"4800","USS0021B60S",2008-09-20,7.9,8.6,7.1
"4801","USS0021B60S",2008-09-21,7.5,8.5,6.8
"4802","USS0021B60S",2008-09-22,5.2,7.4,2
"4803","USS0021B60S",2008-09-23,8.4,12.3,3
"4804","USS0021B60S",2008-09-24,11.3,15.8,8.4
"4805","USS0021B60S",2008-09-25,7.9,9.7,6.7
"4806","USS0021B60S",2008-09-26,10.4,14.7,7.1
"4807","USS0021B60S",2008-09-27,10.2,14.2,7.5
"4808","USS0021B60S",2008-09-28,16,19.8,9.9
"4809","USS0021B60S",2008-09-29,19.9,23.9,15.5
"4810","USS0021B60S",2008-09-30,20,24,17.6
"4811","USS0021B60S",2008-10-01,20.1,24,17.3
"4812","USS0021B60S",2008-10-02,11.9,17.9,9.8
"4813","USS0021B60S",2008-10-03,10.5,12.5,8.6
"4814","USS0021B60S",2008-10-04,8.3,11.6,4.8
"4815","USS0021B60S",2008-10-05,5.5,9.5,4.3
"4816","USS0021B60S",2008-10-06,8.6,10,6.3
"4817","USS0021B60S",2008-10-07,5.2,8.9,1.7
"4818","USS0021B60S",2008-10-08,3.1,5.7,1.1
"4819","USS0021B60S",2008-10-09,1.8,4.4,0.6
"4820","USS0021B60S",2008-10-10,2.7,7,-0.3
"4821","USS0021B60S",2008-10-11,4.3,7.4,1.7
"4822","USS0021B60S",2008-10-12,5.4,8.9,2.5
"4823","USS0021B60S",2008-10-13,7.3,9.1,3.8
"4824","USS0021B60S",2008-10-14,3.8,6.4,2
"4825","USS0021B60S",2008-10-15,3.9,7.2,1.2
"4826","USS0021B60S",2008-10-16,6.7,8.7,3.4
"4827","USS0021B60S",2008-10-17,9.9,14,7.9
"4828","USS0021B60S",2008-10-18,4.6,8.3,2.5
"4829","USS0021B60S",2008-10-19,6.8,10.9,2.2
"4830","USS0021B60S",2008-10-20,4,8.1,1.2
"4831","USS0021B60S",2008-10-21,3.8,7.7,1.1
"4832","USS0021B60S",2008-10-22,11.3,14.8,6.5
"4833","USS0021B60S",2008-10-23,4.5,9.6,2.1
"4834","USS0021B60S",2008-10-24,4.2,6.9,1.9
"4835","USS0021B60S",2008-10-25,5.1,9.7,3.4
"4836","USS0021B60S",2008-10-26,11.6,14.5,7.5
"4837","USS0021B60S",2008-10-27,14.7,17.6,12.6
"4838","USS0021B60S",2008-10-28,11,16,5.5
"4839","USS0021B60S",2008-10-29,8.5,13.2,4.8
"4840","USS0021B60S",2008-10-30,12.7,14.8,9.7
"4841","USS0021B60S",2008-10-31,9.4,14.7,7.2
"4842","USS0021B60S",2008-11-01,10.1,12.1,7.8
"4843","USS0021B60S",2008-11-02,5.2,8.5,2.7
"4844","USS0021B60S",2008-11-03,4.7,8.5,2.6
"4845","USS0021B60S",2008-11-04,1.4,4.5,0.3
"4846","USS0021B60S",2008-11-05,2.2,4.6,0
"4847","USS0021B60S",2008-11-06,6.8,9.6,3.1
"4848","USS0021B60S",2008-11-07,9.2,9.7,8.3
"4849","USS0021B60S",2008-11-08,8.1,9.6,6.1
"4850","USS0021B60S",2008-11-09,5.8,6.5,4.9
"4851","USS0021B60S",2008-11-10,3.7,4.9,2.8
"4852","USS0021B60S",2008-11-11,5,8.8,1.4
"4853","USS0021B60S",2008-11-12,7.4,9.6,5.2
"4854","USS0021B60S",2008-11-13,2.4,5.6,0.5
"4855","USS0021B60S",2008-11-14,5.7,8.7,1.3
"4856","USS0021B60S",2008-11-15,10.8,13.1,8.3
"4857","USS0021B60S",2008-11-16,11.8,14.3,9.4
"4858","USS0021B60S",2008-11-17,12.8,16.2,6.4
"4859","USS0021B60S",2008-11-18,4.9,6.7,2.4
"4860","USS0021B60S",2008-11-19,8.5,10.3,3.3
"4861","USS0021B60S",2008-11-20,5,10.8,0.9
"4862","USS0021B60S",2008-11-21,2.2,4.9,1.1
"4863","USS0021B60S",2008-11-22,1.2,2,0
"4864","USS0021B60S",2008-11-23,3.5,6.1,0
"4865","USS0021B60S",2008-11-24,7.3,9.5,4.4
"4866","USS0021B60S",2008-11-25,4.4,8.1,0
"4867","USS0021B60S",2008-11-26,3.4,7.3,0
"4868","USS0021B60S",2008-11-27,4.9,7.3,2
"4869","USS0021B60S",2008-11-28,4.1,5.8,2.9
"4870","USS0021B60S",2008-11-29,7,8.3,5.5
"4871","USS0021B60S",2008-11-30,10.6,14.6,7.3
"4872","USS0021B60S",2008-12-01,8.5,13.6,4.7
"4873","USS0021B60S",2008-12-02,4.8,5.3,3.4
"4874","USS0021B60S",2008-12-03,2.9,4.2,0.7
"4875","USS0021B60S",2008-12-04,4.3,7.3,0.7
"4876","USS0021B60S",2008-12-05,8.1,9.5,5.4
"4877","USS0021B60S",2008-12-06,5.6,8.9,2.8
"4878","USS0021B60S",2008-12-07,2.5,4.3,0.7
"4879","USS0021B60S",2008-12-08,0.9,2.1,0
"4880","USS0021B60S",2008-12-09,1.8,3.2,1
"4881","USS0021B60S",2008-12-10,3.5,4.6,2
"4882","USS0021B60S",2008-12-11,4,7.1,0.5
"4883","USS0021B60S",2008-12-12,1.5,5.6,-1.7
"4884","USS0021B60S",2008-12-13,-2.1,-0.6,-5.2
"4885","USS0021B60S",2008-12-14,-8.3,-5.2,-11.7
"4886","USS0021B60S",2008-12-15,-9,-6.1,-11.9
"4887","USS0021B60S",2008-12-16,-7.3,-4.3,-10.3
"4888","USS0021B60S",2008-12-17,-3,-1.6,-5.5
"4889","USS0021B60S",2008-12-18,-6.2,-4.1,-9.6
"4890","USS0021B60S",2008-12-19,-10,-7.9,-11.4
"4891","USS0021B60S",2008-12-20,-8.1,-5.2,-11.3
"4892","USS0021B60S",2008-12-21,-2.7,0.2,-6.4
"4893","USS0021B60S",2008-12-22,-2.9,-0.8,-4.6
"4894","USS0021B60S",2008-12-23,-4,-2.6,-4.8
"4895","USS0021B60S",2008-12-24,-2.3,-1.5,-3.9
"4896","USS0021B60S",2008-12-25,-3.3,-2.4,-4
"4897","USS0021B60S",2008-12-26,-2.3,1.3,-4.2
"4898","USS0021B60S",2008-12-27,1.8,2.8,0.1
"4899","USS0021B60S",2008-12-28,-0.4,0.3,-0.8
"4900","USS0021B60S",2008-12-29,-1,0.5,-2.5
"4901","USS0021B60S",2008-12-30,-1.5,-0.1,-2.5
"4902","USS0021B60S",2008-12-31,-1.3,1.5,-2.6
"4903","USS0021B60S",2009-01-01,0,2.7,-1.8
"4904","USS0021B60S",2009-01-02,-4.1,-1.6,-6.1
"4905","USS0021B60S",2009-01-03,-3.2,-2.2,-4.8
"4906","USS0021B60S",2009-01-04,-1.3,0.4,-2.6
"4907","USS0021B60S",2009-01-05,1.3,2.1,-0.1
"4908","USS0021B60S",2009-01-06,3.2,6.2,0.5
"4909","USS0021B60S",2009-01-07,5.4,6,4.5
"4910","USS0021B60S",2009-01-08,1.4,4.7,-1.8
"4911","USS0021B60S",2009-01-09,-1.7,0.4,-3.2
"4912","USS0021B60S",2009-01-10,0.5,1.4,-1
"4913","USS0021B60S",2009-01-11,3.5,4.7,1.3
"4914","USS0021B60S",2009-01-12,4,5,3
"4915","USS0021B60S",2009-01-13,3,5.7,-1.2
"4916","USS0021B60S",2009-01-14,8.4,11.9,3.8
"4917","USS0021B60S",2009-01-15,13.1,16.1,9.5
"4918","USS0021B60S",2009-01-16,12.4,14.8,10
"4919","USS0021B60S",2009-01-17,13.2,16.1,10.5
"4920","USS0021B60S",2009-01-18,12.1,15.1,7.2
"4921","USS0021B60S",2009-01-19,12.5,15.1,9.6
"4922","USS0021B60S",2009-01-20,8.8,12.4,5.2
"4923","USS0021B60S",2009-01-21,6.6,9.2,4.2
"4924","USS0021B60S",2009-01-22,5.2,7.8,2.4
"4925","USS0021B60S",2009-01-23,4.9,7,2.6
"4926","USS0021B60S",2009-01-24,0.5,3.9,-1.8
"4927","USS0021B60S",2009-01-25,-3.2,-1.1,-6.2
"4928","USS0021B60S",2009-01-26,-4.8,-1.2,-7.3
"4929","USS0021B60S",2009-01-27,-1,1.1,-4.8
"4930","USS0021B60S",2009-01-28,-0.2,1.2,-1.1
"4931","USS0021B60S",2009-01-29,1.4,4.7,-0.8
"4932","USS0021B60S",2009-01-30,5.4,12.5,-1.3
"4933","USS0021B60S",2009-01-31,-1.4,0.3,-2.6
"4934","USS0021B60S",2009-02-01,1.1,5.1,-2.6
"4935","USS0021B60S",2009-02-02,5.3,9.6,0.6
"4936","USS0021B60S",2009-02-03,10.7,15.1,8.2
"4937","USS0021B60S",2009-02-04,9.7,12.6,7.7
"4938","USS0021B60S",2009-02-05,7.2,10.5,1.7
"4939","USS0021B60S",2009-02-06,1.7,2.8,-0.2
"4940","USS0021B60S",2009-02-07,2.8,6.8,-0.9
"4941","USS0021B60S",2009-02-08,4.1,8.4,-0.7
"4942","USS0021B60S",2009-02-09,-2.4,0.6,-3.8
"4943","USS0021B60S",2009-02-10,-3,-1.4,-4.9
"4944","USS0021B60S",2009-02-11,-0.1,5.6,-2.2
"4945","USS0021B60S",2009-02-12,-1.3,3,-3.5
"4946","USS0021B60S",2009-02-13,0.7,2.1,-1.7
"4947","USS0021B60S",2009-02-14,0.5,3.8,-1.8
"4948","USS0021B60S",2009-02-15,0.5,4.3,-2.3
"4949","USS0021B60S",2009-02-16,2.9,7.1,0.7
"4950","USS0021B60S",2009-02-17,3.3,5.1,0.9
"4951","USS0021B60S",2009-02-18,3.1,5.6,0.8
"4952","USS0021B60S",2009-02-19,4.6,10.1,2.2
"4953","USS0021B60S",2009-02-20,4.6,8.5,1.9
"4954","USS0021B60S",2009-02-21,7.9,11.6,5.3
"4955","USS0021B60S",2009-02-22,6.4,10,3.9
"4956","USS0021B60S",2009-02-23,4.8,8.8,2.2
"4957","USS0021B60S",2009-02-24,1.7,3.2,0.8
"4958","USS0021B60S",2009-02-25,-0.3,1.7,-4.2
"4959","USS0021B60S",2009-02-26,-4.5,-2.9,-6.7
"4960","USS0021B60S",2009-02-27,-2,3.7,-5.8
"4961","USS0021B60S",2009-02-28,3.4,7.9,-1.8
"4962","USS0021B60S",2009-03-01,6.8,9.4,4.6
"4963","USS0021B60S",2009-03-02,5.3,10.3,2.4
"4964","USS0021B60S",2009-03-03,3,8,0.3
"4965","USS0021B60S",2009-03-04,1.2,6.3,0.1
"4966","USS0021B60S",2009-03-05,-1.7,0.5,-4.9
"4967","USS0021B60S",2009-03-06,-2.8,3.5,-6.3
"4968","USS0021B60S",2009-03-07,-2.8,-0.4,-4.6
"4969","USS0021B60S",2009-03-08,-3.4,2.5,-5.4
"4970","USS0021B60S",2009-03-09,-4.8,-1,-9
"4971","USS0021B60S",2009-03-10,-5.7,0.3,-9.4
"4972","USS0021B60S",2009-03-11,-2.7,4.1,-6.5
"4973","USS0021B60S",2009-03-12,2.2,7.8,-3.5
"4974","USS0021B60S",2009-03-13,4.9,11,1.2
"4975","USS0021B60S",2009-03-14,0.1,2,-2.2
"4976","USS0021B60S",2009-03-15,-1.7,1,-3.2
"4977","USS0021B60S",2009-03-16,-1.3,0.6,-2.3
"4978","USS0021B60S",2009-03-17,-0.6,2.5,-1.8
"4979","USS0021B60S",2009-03-18,1.6,4.7,-1.7
"4980","USS0021B60S",2009-03-19,3.2,4.9,2
"4981","USS0021B60S",2009-03-20,3,9,-2
"4982","USS0021B60S",2009-03-21,2.3,10.8,-2.8
"4983","USS0021B60S",2009-03-22,0.9,3.4,-1.3
"4984","USS0021B60S",2009-03-23,-0.4,2.7,-2.5
"4985","USS0021B60S",2009-03-24,0.8,1.6,-0.2
"4986","USS0021B60S",2009-03-25,-0.3,3.8,-2.7
"4987","USS0021B60S",2009-03-26,2.3,8,-2.6
"4988","USS0021B60S",2009-03-27,1.8,3.5,0.1
"4989","USS0021B60S",2009-03-28,-0.6,1.8,-2.3
"4990","USS0021B60S",2009-03-29,-1.3,1.8,-2.7
"4991","USS0021B60S",2009-03-30,-0.2,1.7,-2.9
"4992","USS0021B60S",2009-03-31,-0.1,1.7,-2.3
"4993","USS0021B60S",2009-04-01,-0.4,1.8,-2.7
"4994","USS0021B60S",2009-04-02,0.9,3,-1.2
"4995","USS0021B60S",2009-04-03,-0.5,4.9,-2.8
"4996","USS0021B60S",2009-04-04,3.3,10.2,-3.7
"4997","USS0021B60S",2009-04-05,7.9,13.3,2.2
"4998","USS0021B60S",2009-04-06,10,14.8,6.2
"4999","USS0021B60S",2009-04-07,10.3,16.4,6.2
"5000","USS0021B60S",2009-04-08,3.5,7.4,1.5
"5001","USS0021B60S",2009-04-09,3.7,10.2,1.1
"5002","USS0021B60S",2009-04-10,3.1,5.3,2.1
"5003","USS0021B60S",2009-04-11,2.3,3.8,1
"5004","USS0021B60S",2009-04-12,3.3,5.1,0.5
"5005","USS0021B60S",2009-04-13,-0.1,3.2,-1.6
"5006","USS0021B60S",2009-04-14,0.4,6,-1.8
"5007","USS0021B60S",2009-04-15,2.7,8.3,-1.5
"5008","USS0021B60S",2009-04-16,6.1,12.2,1.5
"5009","USS0021B60S",2009-04-17,4.3,7.4,1.7
"5010","USS0021B60S",2009-04-18,5.7,10.8,1.1
"5011","USS0021B60S",2009-04-19,8.9,12.9,5.1
"5012","USS0021B60S",2009-04-20,11,15.1,6.9
"5013","USS0021B60S",2009-04-21,10.4,15.5,4.8
"5014","USS0021B60S",2009-04-22,2.2,6.3,-1.6
"5015","USS0021B60S",2009-04-23,0.7,6.4,-1.6
"5016","USS0021B60S",2009-04-24,4.3,10,-1
"5017","USS0021B60S",2009-04-25,1.4,5.5,-1
"5018","USS0021B60S",2009-04-26,3.4,7.8,-0.3
"5019","USS0021B60S",2009-04-27,4.6,10.8,2.4
"5020","USS0021B60S",2009-04-28,4.4,7.5,1.4
"5021","USS0021B60S",2009-04-29,4.8,9.1,1.6
"5022","USS0021B60S",2009-04-30,6.7,12,2.4
"5023","USS0021B60S",2009-05-01,10.4,14.3,6.8
"5024","USS0021B60S",2009-05-02,7.4,11.2,2.8
"5025","USS0021B60S",2009-05-03,5.2,10.7,2.2
"5026","USS0021B60S",2009-05-04,6.4,11.6,3.7
"5027","USS0021B60S",2009-05-05,3.5,5.9,2.4
"5028","USS0021B60S",2009-05-06,3.5,5.3,2.2
"5029","USS0021B60S",2009-05-07,2.2,4.6,1.1
"5030","USS0021B60S",2009-05-08,3.7,9.4,1.2
"5031","USS0021B60S",2009-05-09,7.2,13.2,2.2
"5032","USS0021B60S",2009-05-10,9,15.9,4.6
"5033","USS0021B60S",2009-05-11,4.2,7.6,1.5
"5034","USS0021B60S",2009-05-12,1.6,5.7,-0.2
"5035","USS0021B60S",2009-05-13,3.4,8.3,0.6
"5036","USS0021B60S",2009-05-14,4.3,7.3,3
"5037","USS0021B60S",2009-05-15,8,13.6,2.6
"5038","USS0021B60S",2009-05-16,12.4,17.5,7.2
"5039","USS0021B60S",2009-05-17,12.9,17.1,9
"5040","USS0021B60S",2009-05-18,10.1,16.1,3.6
"5041","USS0021B60S",2009-05-19,2.5,5.5,1.1
"5042","USS0021B60S",2009-05-20,4.3,9.5,1.4
"5043","USS0021B60S",2009-05-21,8.7,14.7,2.8
"5044","USS0021B60S",2009-05-22,10.7,17.2,6.4
"5045","USS0021B60S",2009-05-23,10.2,15.8,6.1
"5046","USS0021B60S",2009-05-24,10,14.7,5.8
"5047","USS0021B60S",2009-05-25,10.2,15.4,5.7
"5048","USS0021B60S",2009-05-26,7.5,9.1,5.8
"5049","USS0021B60S",2009-05-27,9.2,14.7,5.2
"5050","USS0021B60S",2009-05-28,14.1,18.8,8
"5051","USS0021B60S",2009-05-29,16.8,21.5,11.1
"5052","USS0021B60S",2009-05-30,14.6,19.1,10.6
"5053","USS0021B60S",2009-05-31,15,20.7,11.2
"5054","USS0021B60S",2009-06-01,17.1,22.6,11.8
"5055","USS0021B60S",2009-06-02,17.8,21.6,14.7
"5056","USS0021B60S",2009-06-03,18.5,23.9,14.5
"5057","USS0021B60S",2009-06-04,20,25.2,11.2
"5058","USS0021B60S",2009-06-05,11.4,16.1,8
"5059","USS0021B60S",2009-06-06,7.8,9,7.1
"5060","USS0021B60S",2009-06-07,8,9.6,6.9
"5061","USS0021B60S",2009-06-08,10.4,15.3,6.8
"5062","USS0021B60S",2009-06-09,14.3,19.2,9.8
"5063","USS0021B60S",2009-06-10,12.7,16.4,9.1
"5064","USS0021B60S",2009-06-11,11.9,16.3,8.8
"5065","USS0021B60S",2009-06-12,12.9,16.7,9.9
"5066","USS0021B60S",2009-06-13,13.4,19.2,10.9
"5067","USS0021B60S",2009-06-14,9.6,11,8.4
"5068","USS0021B60S",2009-06-15,10,12.5,8.3
"5069","USS0021B60S",2009-06-16,12.6,18.6,9.1
"5070","USS0021B60S",2009-06-17,10,11.5,9
"5071","USS0021B60S",2009-06-18,10.6,14.8,9
"5072","USS0021B60S",2009-06-19,9,11,6.7
"5073","USS0021B60S",2009-06-20,6.4,8.5,4.3
"5074","USS0021B60S",2009-06-21,6,9.5,4.3
"5075","USS0021B60S",2009-06-22,6.4,9.3,4.8
"5076","USS0021B60S",2009-06-23,11.8,17.4,6.1
"5077","USS0021B60S",2009-06-24,13.1,20.7,7.5
"5078","USS0021B60S",2009-06-25,7.7,9.6,6.2
"5079","USS0021B60S",2009-06-26,9,14.7,4.6
"5080","USS0021B60S",2009-06-27,13.2,20.4,7.3
"5081","USS0021B60S",2009-06-28,10.4,15.7,7.2
"5082","USS0021B60S",2009-06-29,10.9,17.6,6.1
"5083","USS0021B60S",2009-06-30,11.9,18.3,7.1
"5084","USS0021B60S",2009-07-01,14.7,21.5,8.8
"5085","USS0021B60S",2009-07-02,18.7,26.1,12.3
"5086","USS0021B60S",2009-07-03,19.6,25.9,15.2
"5087","USS0021B60S",2009-07-04,19,25.1,14.8
"5088","USS0021B60S",2009-07-05,18.1,25,9.4
"5089","USS0021B60S",2009-07-06,8.2,9.4,7.2
"5090","USS0021B60S",2009-07-07,7.9,10.1,6.2
"5091","USS0021B60S",2009-07-08,8.5,10.7,6.8
"5092","USS0021B60S",2009-07-09,11.1,16.7,8.4
"5093","USS0021B60S",2009-07-10,16.3,23.6,9.4
"5094","USS0021B60S",2009-07-11,19.9,26,14.4
"5095","USS0021B60S",2009-07-12,11.3,15.5,8.8
"5096","USS0021B60S",2009-07-13,8.3,9.1,7.6
"5097","USS0021B60S",2009-07-14,10,12.8,8.5
"5098","USS0021B60S",2009-07-15,14.9,21.4,9.2
"5099","USS0021B60S",2009-07-16,18.5,24.5,13.4
"5100","USS0021B60S",2009-07-17,19.9,26,15.2
"5101","USS0021B60S",2009-07-18,16.1,21.7,11.5
"5102","USS0021B60S",2009-07-19,13.6,20,9.2
"5103","USS0021B60S",2009-07-20,18.8,25.2,11.1
"5104","USS0021B60S",2009-07-21,20,26,15.7
"5105","USS0021B60S",2009-07-22,17,23,12.4
"5106","USS0021B60S",2009-07-23,11.5,13.6,9.5
"5107","USS0021B60S",2009-07-24,14.5,20.9,10.2
"5108","USS0021B60S",2009-07-25,17.3,23.4,13.4
"5109","USS0021B60S",2009-07-26,19.7,25.9,14.6
"5110","USS0021B60S",2009-07-27,23.4,30.1,17.8
"5111","USS0021B60S",2009-07-28,24.9,31.6,19.7
"5112","USS0021B60S",2009-07-29,24.7,30.4,19.6
"5113","USS0021B60S",2009-07-30,25.1,32,18.9
"5114","USS0021B60S",2009-07-31,21.3,26.6,17.7
"5115","USS0021B60S",2009-08-01,21,27.5,16.3
"5116","USS0021B60S",2009-08-02,21,27.5,16.8
"5117","USS0021B60S",2009-08-03,19,24.9,14.4
"5118","USS0021B60S",2009-08-04,17,21.6,13.5
"5119","USS0021B60S",2009-08-05,13.3,16.8,9
"5120","USS0021B60S",2009-08-06,10.1,12.4,7.3
"5121","USS0021B60S",2009-08-07,9.3,9.9,8.6
"5122","USS0021B60S",2009-08-08,9.6,11.4,8.2
"5123","USS0021B60S",2009-08-09,12.3,16.4,10.2
"5124","USS0021B60S",2009-08-10,11.9,13.7,10.2
"5125","USS0021B60S",2009-08-11,11.3,13.9,9.3
"5126","USS0021B60S",2009-08-12,12.1,14.8,10.6
"5127","USS0021B60S",2009-08-13,8.4,10.9,7.3
"5128","USS0021B60S",2009-08-14,8.5,10.1,7.3
"5129","USS0021B60S",2009-08-15,9.2,11.5,7.7
"5130","USS0021B60S",2009-08-16,11.9,16.1,8
"5131","USS0021B60S",2009-08-17,16.2,21.1,11.9
"5132","USS0021B60S",2009-08-18,18,22.9,13.7
"5133","USS0021B60S",2009-08-19,NA,NA,NA
"5134","USS0021B60S",2009-08-20,19.6,24.5,11.6
"5135","USS0021B60S",2009-08-21,11.1,12.5,9.9
"5136","USS0021B60S",2009-08-22,11.4,16.8,8.6
"5137","USS0021B60S",2009-08-23,10,15.7,7.1
"5138","USS0021B60S",2009-08-24,12.8,18.7,7.5
"5139","USS0021B60S",2009-08-25,10.4,15.8,8.3
"5140","USS0021B60S",2009-08-26,14.8,20.3,8.3
"5141","USS0021B60S",2009-08-27,21.3,27.9,17.1
"5142","USS0021B60S",2009-08-28,16.7,21,10.7
"5143","USS0021B60S",2009-08-29,11.8,12.8,10.2
"5144","USS0021B60S",2009-08-30,14.2,19.4,10.8
"5145","USS0021B60S",2009-08-31,14.5,19.5,11.6
"5146","USS0021B60S",2009-09-01,13.1,18.9,10.7
"5147","USS0021B60S",2009-09-02,15.6,20.7,10.9
"5148","USS0021B60S",2009-09-03,10.2,13.2,8.4
"5149","USS0021B60S",2009-09-04,13.8,18.8,9.7
"5150","USS0021B60S",2009-09-05,10.6,15.4,8.9
"5151","USS0021B60S",2009-09-06,7.4,9.7,6.2
"5152","USS0021B60S",2009-09-07,7.2,8,6.2
"5153","USS0021B60S",2009-09-08,10.7,15,6.1
"5154","USS0021B60S",2009-09-09,12.4,15.2,10.1
"5155","USS0021B60S",2009-09-10,13.8,18.5,8.8
"5156","USS0021B60S",2009-09-11,19.7,24.7,14.6
"5157","USS0021B60S",2009-09-12,21.3,26.3,17.6
"5158","USS0021B60S",2009-09-13,17.1,23.5,11.2
"5159","USS0021B60S",2009-09-14,11.4,14.9,9.5
"5160","USS0021B60S",2009-09-15,15,19.7,9.7
"5161","USS0021B60S",2009-09-16,14.1,18.7,9.9
"5162","USS0021B60S",2009-09-17,11,15.3,8.8
"5163","USS0021B60S",2009-09-18,16.6,22.5,11.1
"5164","USS0021B60S",2009-09-19,9.6,14,6.2
"5165","USS0021B60S",2009-09-20,8.6,12.8,6
"5166","USS0021B60S",2009-09-21,17.1,21.4,10.9
"5167","USS0021B60S",2009-09-22,22.3,25.6,18.7
"5168","USS0021B60S",2009-09-23,20.4,25.5,11.9
"5169","USS0021B60S",2009-09-24,11.1,14.4,9.2
"5170","USS0021B60S",2009-09-25,11.9,16.5,8.3
"5171","USS0021B60S",2009-09-26,9.7,13,6.5
"5172","USS0021B60S",2009-09-27,12.3,17.4,5.8
"5173","USS0021B60S",2009-09-28,9.7,14.9,3.8
"5174","USS0021B60S",2009-09-29,3.5,5,1.1
"5175","USS0021B60S",2009-09-30,3.9,6.1,1.5
"5176","USS0021B60S",2009-10-01,5.9,7.9,3.7
"5177","USS0021B60S",2009-10-02,4,6.4,2
"5178","USS0021B60S",2009-10-03,4,6.9,1.2
"5179","USS0021B60S",2009-10-04,7.8,12,4.2
"5180","USS0021B60S",2009-10-05,8,12,5.1
"5181","USS0021B60S",2009-10-06,8.2,11.8,5.4
"5182","USS0021B60S",2009-10-07,7.5,11.5,4.7
"5183","USS0021B60S",2009-10-08,7.9,12.4,5.6
"5184","USS0021B60S",2009-10-09,6.5,8.9,5.1
"5185","USS0021B60S",2009-10-10,4.4,8.5,0.7
"5186","USS0021B60S",2009-10-11,3,7.2,0.6
"5187","USS0021B60S",2009-10-12,1.9,3.3,0.3
"5188","USS0021B60S",2009-10-13,5.5,7.7,2.1
"5189","USS0021B60S",2009-10-14,6.8,9.5,5.3
"5190","USS0021B60S",2009-10-15,9.4,11.9,5.9
"5191","USS0021B60S",2009-10-16,12,13.8,9.8
"5192","USS0021B60S",2009-10-17,10.7,13.6,7.4
"5193","USS0021B60S",2009-10-18,7.7,10.1,6.7
"5194","USS0021B60S",2009-10-19,6.9,8.9,5
"5195","USS0021B60S",2009-10-20,7.1,10.1,4.1
"5196","USS0021B60S",2009-10-21,7.2,10.1,4.5
"5197","USS0021B60S",2009-10-22,6.2,7.9,3.7
"5198","USS0021B60S",2009-10-23,6.6,9.5,3
"5199","USS0021B60S",2009-10-24,3.6,7.2,2.4
"5200","USS0021B60S",2009-10-25,6.2,9.1,2.6
"5201","USS0021B60S",2009-10-26,4,8.1,1.2
"5202","USS0021B60S",2009-10-27,1,2.5,0.2
"5203","USS0021B60S",2009-10-28,1.4,4.2,0
"5204","USS0021B60S",2009-10-29,4.6,8.1,0.8
"5205","USS0021B60S",2009-10-30,8.1,9,7.5
"5206","USS0021B60S",2009-10-31,4.8,8.8,2.1
"5207","USS0021B60S",2009-11-01,3.6,6,1.9
"5208","USS0021B60S",2009-11-02,5.3,8.5,1.8
"5209","USS0021B60S",2009-11-03,6.1,10.3,2
"5210","USS0021B60S",2009-11-04,11.2,13,8.5
"5211","USS0021B60S",2009-11-05,7.1,12,3.2
"5212","USS0021B60S",2009-11-06,1.5,3.5,0.5
"5213","USS0021B60S",2009-11-07,1.1,1.9,0.2
"5214","USS0021B60S",2009-11-08,2.2,4.7,0.6
"5215","USS0021B60S",2009-11-09,3.7,5.9,1.2
"5216","USS0021B60S",2009-11-10,2.1,6,0.4
"5217","USS0021B60S",2009-11-11,1.1,3.7,0.1
"5218","USS0021B60S",2009-11-12,1.3,5.8,-0.3
"5219","USS0021B60S",2009-11-13,-0.4,1.6,-2.1
"5220","USS0021B60S",2009-11-14,-0.8,1.3,-3.1
"5221","USS0021B60S",2009-11-15,3.9,6.3,0.5
"5222","USS0021B60S",2009-11-16,5.9,8.1,4.7
"5223","USS0021B60S",2009-11-17,1.3,6.4,-0.6
"5224","USS0021B60S",2009-11-18,0.3,2,-0.9
"5225","USS0021B60S",2009-11-19,3.8,7,1.2
"5226","USS0021B60S",2009-11-20,2.6,7.3,-0.1
"5227","USS0021B60S",2009-11-21,0.4,2.7,-1.2
"5228","USS0021B60S",2009-11-22,0.7,2.8,0.1
"5229","USS0021B60S",2009-11-23,2.1,4.3,0.4
"5230","USS0021B60S",2009-11-24,6,9.2,3.9
"5231","USS0021B60S",2009-11-25,7.9,10,5.8
"5232","USS0021B60S",2009-11-26,4.9,8.1,2.7
"5233","USS0021B60S",2009-11-27,1.4,3.4,0.1
"5234","USS0021B60S",2009-11-28,2,3.8,0.3
"5235","USS0021B60S",2009-11-29,4.3,5.2,3
"5236","USS0021B60S",2009-11-30,3.2,4.3,1.8
"5237","USS0021B60S",2009-12-01,1.4,2.7,-0.3
"5238","USS0021B60S",2009-12-02,3.6,6.8,-0.3
"5239","USS0021B60S",2009-12-03,4.5,7.3,0.8
"5240","USS0021B60S",2009-12-04,-1.4,2.6,-3.5
"5241","USS0021B60S",2009-12-05,-2.3,-0.5,-3.5
"5242","USS0021B60S",2009-12-06,-5.5,-3.2,-8.4
"5243","USS0021B60S",2009-12-07,-9.2,-7.9,-10.5
"5244","USS0021B60S",2009-12-08,-9.4,-7.1,-11.3
"5245","USS0021B60S",2009-12-09,-7.2,-3,-9.7
"5246","USS0021B60S",2009-12-10,-4,-2.1,-5.6
"5247","USS0021B60S",2009-12-11,-2.7,-0.9,-4.7
"5248","USS0021B60S",2009-12-12,-2.3,0.4,-4.3
"5249","USS0021B60S",2009-12-13,-3.5,-2.3,-4.4
"5250","USS0021B60S",2009-12-14,-0.3,2.4,-2.4
"5251","USS0021B60S",2009-12-15,3.5,5.3,0.4
"5252","USS0021B60S",2009-12-16,3.8,5.3,2.9
"5253","USS0021B60S",2009-12-17,4.3,6.4,3
"5254","USS0021B60S",2009-12-18,6.7,8.7,4.7
"5255","USS0021B60S",2009-12-19,5.6,7.4,4.6
"5256","USS0021B60S",2009-12-20,6.4,8.6,4.6
"5257","USS0021B60S",2009-12-21,1.5,5.3,-2.3
"5258","USS0021B60S",2009-12-22,-2.1,-0.7,-2.8
"5259","USS0021B60S",2009-12-23,-1.4,1.1,-2.9
"5260","USS0021B60S",2009-12-24,4.4,8.6,0.2
"5261","USS0021B60S",2009-12-25,8.2,11.4,4
"5262","USS0021B60S",2009-12-26,3.4,6.8,1
"5263","USS0021B60S",2009-12-27,2.2,4.2,0.1
"5264","USS0021B60S",2009-12-28,3,5.6,1
"5265","USS0021B60S",2009-12-29,1.9,4.4,-0.9
"5266","USS0021B60S",2009-12-30,0.8,1.3,-0.4
"5267","USS0021B60S",2009-12-31,2.4,5.9,-0.2
"5268","USS0021B60S",2010-01-01,3.8,6.1,1.8
"5269","USS0021B60S",2010-01-02,2.4,3,2
"5270","USS0021B60S",2010-01-03,3.9,6.2,1.5
"5271","USS0021B60S",2010-01-04,5.3,6.4,4.3
"5272","USS0021B60S",2010-01-05,5.6,6,5.1
"5273","USS0021B60S",2010-01-06,2.4,5.6,0.1
"5274","USS0021B60S",2010-01-07,4.7,7.6,0.5
"5275","USS0021B60S",2010-01-08,5.8,7.7,4.3
"5276","USS0021B60S",2010-01-09,6.4,8.7,5.4
"5277","USS0021B60S",2010-01-10,7.9,9,5.8
"5278","USS0021B60S",2010-01-11,7.7,10.5,5.8
"5279","USS0021B60S",2010-01-12,5.3,7.8,4.1
"5280","USS0021B60S",2010-01-13,4.6,7.5,1.3
"5281","USS0021B60S",2010-01-14,3.2,5.8,1.9
"5282","USS0021B60S",2010-01-15,4.3,8.3,0.9
"5283","USS0021B60S",2010-01-16,3.3,5.7,0.6
"5284","USS0021B60S",2010-01-17,4.9,6.5,3.5
"5285","USS0021B60S",2010-01-18,5.8,7.5,4.3
"5286","USS0021B60S",2010-01-19,6.1,8.1,4.7
"5287","USS0021B60S",2010-01-20,4.7,6.2,3.4
"5288","USS0021B60S",2010-01-21,4.3,6.2,2.5
"5289","USS0021B60S",2010-01-22,4,6.7,0.6
"5290","USS0021B60S",2010-01-23,1.5,2,0.9
"5291","USS0021B60S",2010-01-24,1.9,3.8,0.8
"5292","USS0021B60S",2010-01-25,2.8,4.6,1.4
"5293","USS0021B60S",2010-01-26,2.9,5.7,1.2
"5294","USS0021B60S",2010-01-27,2.3,5,0.3
"5295","USS0021B60S",2010-01-28,5.7,8.1,2.9
"5296","USS0021B60S",2010-01-29,6.9,9.2,4.2
"5297","USS0021B60S",2010-01-30,2.8,4.2,1.8
"5298","USS0021B60S",2010-01-31,2.6,3.2,2.3
"5299","USS0021B60S",2010-02-01,3.4,6.3,1.5
"5300","USS0021B60S",2010-02-02,3.4,5.9,1.4
"5301","USS0021B60S",2010-02-03,3.5,5,1.7
"5302","USS0021B60S",2010-02-04,4.6,7,2.4
"5303","USS0021B60S",2010-02-05,4.4,7.3,1.6
"5304","USS0021B60S",2010-02-06,4.8,7.2,2.2
"5305","USS0021B60S",2010-02-07,2.7,3.9,2
"5306","USS0021B60S",2010-02-08,3.2,6.9,1.4
"5307","USS0021B60S",2010-02-09,3,6.2,1.7
"5308","USS0021B60S",2010-02-10,2.1,4.2,1.1
"5309","USS0021B60S",2010-02-11,4.5,6.8,2.2
"5310","USS0021B60S",2010-02-12,2.8,4.8,1.5
"5311","USS0021B60S",2010-02-13,4.3,6.5,1.7
"5312","USS0021B60S",2010-02-14,4.1,5.7,2
"5313","USS0021B60S",2010-02-15,4.5,7.8,1.4
"5314","USS0021B60S",2010-02-16,3.7,6,1.2
"5315","USS0021B60S",2010-02-17,3.6,6.9,0.2
"5316","USS0021B60S",2010-02-18,4.9,8.2,2.1
"5317","USS0021B60S",2010-02-19,4.5,7.8,1.8
"5318","USS0021B60S",2010-02-20,4,6.8,2.1
"5319","USS0021B60S",2010-02-21,3.5,7.8,0.8
"5320","USS0021B60S",2010-02-22,5.1,10,2.5
"5321","USS0021B60S",2010-02-23,5,7.8,1.5
"5322","USS0021B60S",2010-02-24,2,3.1,0.9
"5323","USS0021B60S",2010-02-25,3.2,6.3,1.2
"5324","USS0021B60S",2010-02-26,4.5,6.2,2.9
"5325","USS0021B60S",2010-02-27,4.6,9.8,3.1
"5326","USS0021B60S",2010-02-28,5.2,9.1,2.4
"5327","USS0021B60S",2010-03-01,8.7,12,6.6
"5328","USS0021B60S",2010-03-02,5.7,10.2,1.4
"5329","USS0021B60S",2010-03-03,3.2,4.7,2
"5330","USS0021B60S",2010-03-04,2.4,5.3,0.9
"5331","USS0021B60S",2010-03-05,4.3,8.9,1.1
"5332","USS0021B60S",2010-03-06,6.7,10.9,4
"5333","USS0021B60S",2010-03-07,4.6,8.5,0.5
"5334","USS0021B60S",2010-03-08,-1.5,5.2,-4.1
"5335","USS0021B60S",2010-03-09,-1.5,3,-5
"5336","USS0021B60S",2010-03-10,-0.4,2.8,-1.7
"5337","USS0021B60S",2010-03-11,0.9,2.1,-1
"5338","USS0021B60S",2010-03-12,1.4,4.4,-1.1
"5339","USS0021B60S",2010-03-13,0.2,3.4,-1.2
"5340","USS0021B60S",2010-03-14,3.7,8.3,-0.8
"5341","USS0021B60S",2010-03-15,8.3,12,3.4
"5342","USS0021B60S",2010-03-16,6.2,11.3,1.3
"5343","USS0021B60S",2010-03-17,1.1,5.8,-1.1
"5344","USS0021B60S",2010-03-18,2.5,8.2,-1.9
"5345","USS0021B60S",2010-03-19,6.2,10.8,2.3
"5346","USS0021B60S",2010-03-20,8.5,13.9,4
"5347","USS0021B60S",2010-03-21,3.3,5.3,1.3
"5348","USS0021B60S",2010-03-22,2,6.4,0.4
"5349","USS0021B60S",2010-03-23,4.9,10.8,0.9
"5350","USS0021B60S",2010-03-24,9.3,13.9,6
"5351","USS0021B60S",2010-03-25,3,8.3,1.2
"5352","USS0021B60S",2010-03-26,1.5,3.8,0
"5353","USS0021B60S",2010-03-27,5.8,9.9,1.5
"5354","USS0021B60S",2010-03-28,4,9.1,1.4
"5355","USS0021B60S",2010-03-29,1,5,-0.6
"5356","USS0021B60S",2010-03-30,0.1,3.3,-0.8
"5357","USS0021B60S",2010-03-31,1.4,9,-1.4
"5358","USS0021B60S",2010-04-01,0.4,3,-0.7
"5359","USS0021B60S",2010-04-02,0.1,1.3,-0.8
"5360","USS0021B60S",2010-04-03,-0.6,1.2,-1.6
"5361","USS0021B60S",2010-04-04,1.7,4.2,-1.2
"5362","USS0021B60S",2010-04-05,1.6,8.2,-0.5
"5363","USS0021B60S",2010-04-06,0.8,2.2,-0.3
"5364","USS0021B60S",2010-04-07,1.6,3.4,-0.3
"5365","USS0021B60S",2010-04-08,-0.9,1.8,-2.9
"5366","USS0021B60S",2010-04-09,-0.7,3.9,-3
"5367","USS0021B60S",2010-04-10,2.1,5.3,-3.1
"5368","USS0021B60S",2010-04-11,6.3,11.2,3
"5369","USS0021B60S",2010-04-12,6,8.1,3.4
"5370","USS0021B60S",2010-04-13,3,4.7,1.7
"5371","USS0021B60S",2010-04-14,5.8,11.7,1.3
"5372","USS0021B60S",2010-04-15,7.7,11.7,5.4
"5373","USS0021B60S",2010-04-16,10.3,14.9,6.5
"5374","USS0021B60S",2010-04-17,6.9,9.9,4.8
"5375","USS0021B60S",2010-04-18,10,15.4,4.9
"5376","USS0021B60S",2010-04-19,11.7,19,6.2
"5377","USS0021B60S",2010-04-20,5.6,10.5,3.6
"5378","USS0021B60S",2010-04-21,2.4,5.5,1.2
"5379","USS0021B60S",2010-04-22,3.7,9.8,1.4
"5380","USS0021B60S",2010-04-23,4.8,11.6,1.4
"5381","USS0021B60S",2010-04-24,1.4,3.4,0.3
"5382","USS0021B60S",2010-04-25,5.6,11,0.6
"5383","USS0021B60S",2010-04-26,8.6,11.3,6
"5384","USS0021B60S",2010-04-27,3.9,8.1,1.5
"5385","USS0021B60S",2010-04-28,1.9,4.5,1
"5386","USS0021B60S",2010-04-29,2.5,6.1,0.8
"5387","USS0021B60S",2010-04-30,2.5,5.3,0.9
"5388","USS0021B60S",2010-05-01,2.6,6.1,0.9
"5389","USS0021B60S",2010-05-02,2,3.5,1.3
"5390","USS0021B60S",2010-05-03,1.1,4.1,-1.1
"5391","USS0021B60S",2010-05-04,0.3,6.5,-1.7
"5392","USS0021B60S",2010-05-05,0.6,2.9,-1
"5393","USS0021B60S",2010-05-06,4,10.4,0.7
"5394","USS0021B60S",2010-05-07,6.8,13.4,2.8
"5395","USS0021B60S",2010-05-08,6.9,12.3,3.6
"5396","USS0021B60S",2010-05-09,9,15.2,4.3
"5397","USS0021B60S",2010-05-10,4.9,8.1,2.2
"5398","USS0021B60S",2010-05-11,6.4,10.6,3
"5399","USS0021B60S",2010-05-12,6.3,11,3.7
"5400","USS0021B60S",2010-05-13,10,16.1,4.3
"5401","USS0021B60S",2010-05-14,11.9,17.4,7.2
"5402","USS0021B60S",2010-05-15,12.5,17.8,8.1
"5403","USS0021B60S",2010-05-16,12.6,18,8.3
"5404","USS0021B60S",2010-05-17,12.3,16.1,8.2
"5405","USS0021B60S",2010-05-18,6.8,9.7,4.8
"5406","USS0021B60S",2010-05-19,7.2,14.7,1.8
"5407","USS0021B60S",2010-05-20,1.8,4,0.5
"5408","USS0021B60S",2010-05-21,3.2,7.4,1.4
"5409","USS0021B60S",2010-05-22,2.9,6.2,1.3
"5410","USS0021B60S",2010-05-23,3.1,6.6,1
"5411","USS0021B60S",2010-05-24,5.3,10,1.8
"5412","USS0021B60S",2010-05-25,8.5,11.7,5.5
"5413","USS0021B60S",2010-05-26,7.2,10.1,5.1
"5414","USS0021B60S",2010-05-27,5.9,7.5,4.7
"5415","USS0021B60S",2010-05-28,5.1,6.2,4.2
"5416","USS0021B60S",2010-05-29,4.6,5.2,4
"5417","USS0021B60S",2010-05-30,7,9,3
"5418","USS0021B60S",2010-05-31,7.9,9.1,6.2
"5419","USS0021B60S",2010-06-01,7.7,10.5,5.5
"5420","USS0021B60S",2010-06-02,7.9,10.7,3.4
"5421","USS0021B60S",2010-06-03,6.6,12.3,2.7
"5422","USS0021B60S",2010-06-04,5.6,7.2,4.9
"5423","USS0021B60S",2010-06-05,9.9,16,4
"5424","USS0021B60S",2010-06-06,9.7,12.3,8
"5425","USS0021B60S",2010-06-07,7.5,9.1,6.5
"5426","USS0021B60S",2010-06-08,10.6,16.8,5.4
"5427","USS0021B60S",2010-06-09,7.2,10,5.1
"5428","USS0021B60S",2010-06-10,6.6,9,4.9
"5429","USS0021B60S",2010-06-11,7.4,9.6,5.6
"5430","USS0021B60S",2010-06-12,13.4,20,6.6
"5431","USS0021B60S",2010-06-13,11.4,16.5,6.3
"5432","USS0021B60S",2010-06-14,7.2,12.9,3.6
"5433","USS0021B60S",2010-06-15,4.5,8.2,1.7
"5434","USS0021B60S",2010-06-16,4.9,7.2,1.9
"5435","USS0021B60S",2010-06-17,5.5,6.5,4.3
"5436","USS0021B60S",2010-06-18,10.3,17.5,5.9
"5437","USS0021B60S",2010-06-19,8.2,9.3,7.4
"5438","USS0021B60S",2010-06-20,7.2,8,6.7
"5439","USS0021B60S",2010-06-21,7.2,9.1,5.9
"5440","USS0021B60S",2010-06-22,11.4,16.6,6.5
"5441","USS0021B60S",2010-06-23,14.8,19.5,11.5
"5442","USS0021B60S",2010-06-24,14,19.6,10.2
"5443","USS0021B60S",2010-06-25,10.9,13.4,8.9
"5444","USS0021B60S",2010-06-26,10.4,15.9,7.7
"5445","USS0021B60S",2010-06-27,12.4,16.5,9.1
"5446","USS0021B60S",2010-06-28,12,15,8.1
"5447","USS0021B60S",2010-06-29,7.7,11.7,5.8
"5448","USS0021B60S",2010-06-30,7.8,13.7,4.3
"5449","USS0021B60S",2010-07-01,7.5,10.2,6.6
"5450","USS0021B60S",2010-07-02,7.6,10.1,6.4
"5451","USS0021B60S",2010-07-03,7.4,10.2,5.5
"5452","USS0021B60S",2010-07-04,7.8,9,6.6
"5453","USS0021B60S",2010-07-05,8,10.9,6
"5454","USS0021B60S",2010-07-06,15.4,21.4,7.4
"5455","USS0021B60S",2010-07-07,21.4,27.1,16.6
"5456","USS0021B60S",2010-07-08,23.2,29,19
"5457","USS0021B60S",2010-07-09,21.4,27,16.6
"5458","USS0021B60S",2010-07-10,17.7,23.1,14
"5459","USS0021B60S",2010-07-11,15.9,21.3,11.7
"5460","USS0021B60S",2010-07-12,7.5,11.8,5.7
"5461","USS0021B60S",2010-07-13,8.5,14,5.4
"5462","USS0021B60S",2010-07-14,14.2,21,8.1
"5463","USS0021B60S",2010-07-15,15.9,21.4,11.4
"5464","USS0021B60S",2010-07-16,12.1,16.4,9.4
"5465","USS0021B60S",2010-07-17,12.4,18.9,8.6
"5466","USS0021B60S",2010-07-18,12.1,17.4,9.1
"5467","USS0021B60S",2010-07-19,11.2,15.2,8.1
"5468","USS0021B60S",2010-07-20,13.2,17,9.5
"5469","USS0021B60S",2010-07-21,15.9,22.4,11.6
"5470","USS0021B60S",2010-07-22,10.7,14.8,8.7
"5471","USS0021B60S",2010-07-23,14.4,21.7,7.8
"5472","USS0021B60S",2010-07-24,18.3,24.7,12.9
"5473","USS0021B60S",2010-07-25,18.5,24.8,14.2
"5474","USS0021B60S",2010-07-26,18.1,24.5,12.7
"5475","USS0021B60S",2010-07-27,17.7,23.1,14.3
"5476","USS0021B60S",2010-07-28,17,22,12.8
"5477","USS0021B60S",2010-07-29,15.5,20.7,12.2
"5478","USS0021B60S",2010-07-30,14.8,20.8,10.9
"5479","USS0021B60S",2010-07-31,13.6,18.8,10.8
"5480","USS0021B60S",2010-08-01,12.5,15.5,11
"5481","USS0021B60S",2010-08-02,13.9,18.2,10.9
"5482","USS0021B60S",2010-08-03,14.7,18.8,11.5
"5483","USS0021B60S",2010-08-04,17.6,23.5,12.7
"5484","USS0021B60S",2010-08-05,18.4,24.4,14.4
"5485","USS0021B60S",2010-08-06,14.7,18.2,11.1
"5486","USS0021B60S",2010-08-07,11.6,12.7,10.6
"5487","USS0021B60S",2010-08-08,11.2,12.5,10.5
"5488","USS0021B60S",2010-08-09,10.6,11.5,9.8
"5489","USS0021B60S",2010-08-10,10.1,12,8.5
"5490","USS0021B60S",2010-08-11,12.9,18.5,9.2
"5491","USS0021B60S",2010-08-12,14.4,20.2,10.9
"5492","USS0021B60S",2010-08-13,18.9,24.5,12
"5493","USS0021B60S",2010-08-14,21.3,25.4,17.5
"5494","USS0021B60S",2010-08-15,22.5,28.3,18.5
"5495","USS0021B60S",2010-08-16,21.8,27.8,18.2
"5496","USS0021B60S",2010-08-17,20.6,27.1,13.7
"5497","USS0021B60S",2010-08-18,13.8,18.3,9.6
"5498","USS0021B60S",2010-08-19,10,11.6,8.4
"5499","USS0021B60S",2010-08-20,10,15.2,7.5
"5500","USS0021B60S",2010-08-21,10.3,13.6,7.6
"5501","USS0021B60S",2010-08-22,8.4,11.2,7.1
"5502","USS0021B60S",2010-08-23,11.2,17.3,6
"5503","USS0021B60S",2010-08-24,19.3,24.7,13.5
"5504","USS0021B60S",2010-08-25,20.2,25.5,15.8
"5505","USS0021B60S",2010-08-26,10.2,17.4,6.8
"5506","USS0021B60S",2010-08-27,8.1,11.9,6
"5507","USS0021B60S",2010-08-28,8.4,12.4,5.3
"5508","USS0021B60S",2010-08-29,8.1,10.2,6.6
"5509","USS0021B60S",2010-08-30,8.7,14.2,5.8
"5510","USS0021B60S",2010-08-31,8,9.5,6
"5511","USS0021B60S",2010-09-01,9.8,13.9,8.3
"5512","USS0021B60S",2010-09-02,15.6,21.2,8.3
"5513","USS0021B60S",2010-09-03,17.7,23.1,10.9
"5514","USS0021B60S",2010-09-04,8.6,11.2,6.2
"5515","USS0021B60S",2010-09-05,7.1,9.5,6
"5516","USS0021B60S",2010-09-06,7.9,9.2,5.5
"5517","USS0021B60S",2010-09-07,9.3,11,8.6
"5518","USS0021B60S",2010-09-08,8.8,9.7,8.2
"5519","USS0021B60S",2010-09-09,7.7,8.4,6.7
"5520","USS0021B60S",2010-09-10,7.5,9.6,6.4
"5521","USS0021B60S",2010-09-11,8.7,12.7,6.9
"5522","USS0021B60S",2010-09-12,10.4,11.6,8.6
"5523","USS0021B60S",2010-09-13,11.7,15.5,9.1
"5524","USS0021B60S",2010-09-14,12.3,16,9
"5525","USS0021B60S",2010-09-15,13.2,17,10.7
"5526","USS0021B60S",2010-09-16,11.9,14.2,10.3
"5527","USS0021B60S",2010-09-17,13.2,17.3,10
"5528","USS0021B60S",2010-09-18,13.3,18,10.9
"5529","USS0021B60S",2010-09-19,10.3,11.9,8.8
"5530","USS0021B60S",2010-09-20,8,9.1,6.4
"5531","USS0021B60S",2010-09-21,7.8,10.3,5.6
"5532","USS0021B60S",2010-09-22,9.9,16.2,6.8
"5533","USS0021B60S",2010-09-23,7.3,8.3,6.1
"5534","USS0021B60S",2010-09-24,10.6,14.6,7.4
"5535","USS0021B60S",2010-09-25,14.7,19.4,10.9
"5536","USS0021B60S",2010-09-26,12.5,14.7,10.5
"5537","USS0021B60S",2010-09-27,14.5,16.2,12.6
"5538","USS0021B60S",2010-09-28,12.3,15.9,8.5
"5539","USS0021B60S",2010-09-29,12.2,17,6.9
"5540","USS0021B60S",2010-09-30,17.2,21.1,12.9
"5541","USS0021B60S",2010-10-01,15.5,21.5,10.8
"5542","USS0021B60S",2010-10-02,10.4,13.2,9
"5543","USS0021B60S",2010-10-03,8.2,9.3,7.3
"5544","USS0021B60S",2010-10-04,6.3,8.8,4.5
"5545","USS0021B60S",2010-10-05,8,12.4,3.6
"5546","USS0021B60S",2010-10-06,14.6,18.3,10
"5547","USS0021B60S",2010-10-07,10.5,16.3,7
"5548","USS0021B60S",2010-10-08,9,12.9,7
"5549","USS0021B60S",2010-10-09,11,13.1,9.2
"5550","USS0021B60S",2010-10-10,7.5,13,4
"5551","USS0021B60S",2010-10-11,5.6,10.7,3.2
"5552","USS0021B60S",2010-10-12,10.5,14,5.6
"5553","USS0021B60S",2010-10-13,14.8,19.2,10.7
"5554","USS0021B60S",2010-10-14,9.4,14,3.4
"5555","USS0021B60S",2010-10-15,3.9,7.5,2
"5556","USS0021B60S",2010-10-16,5.3,9.7,3.3
"5557","USS0021B60S",2010-10-17,6.2,10.3,2.8
"5558","USS0021B60S",2010-10-18,8.8,12.6,6.3
"5559","USS0021B60S",2010-10-19,11.4,15.2,7.8
"5560","USS0021B60S",2010-10-20,14.1,16.9,11.8
"5561","USS0021B60S",2010-10-21,10,14.7,7
"5562","USS0021B60S",2010-10-22,6.7,10,5.4
"5563","USS0021B60S",2010-10-23,7.2,9.8,4.8
"5564","USS0021B60S",2010-10-24,3.7,6.7,1.4
"5565","USS0021B60S",2010-10-25,2.8,3.9,1.3
"5566","USS0021B60S",2010-10-26,2,3.4,0.9
"5567","USS0021B60S",2010-10-27,5.4,7.7,2.7
"5568","USS0021B60S",2010-10-28,5.5,7.6,4.3
"5569","USS0021B60S",2010-10-29,5.4,7.5,4.2
"5570","USS0021B60S",2010-10-30,5.9,7.1,4.4
"5571","USS0021B60S",2010-10-31,4.5,7,3.3
"5572","USS0021B60S",2010-11-01,7.5,10.2,4.9
"5573","USS0021B60S",2010-11-02,8.4,12.4,5.6
"5574","USS0021B60S",2010-11-03,12.6,15.6,8.7
"5575","USS0021B60S",2010-11-04,13.2,17.5,8.5
"5576","USS0021B60S",2010-11-05,8.4,11.5,7.2
"5577","USS0021B60S",2010-11-06,7.2,9,5.7
"5578","USS0021B60S",2010-11-07,3.8,5.9,1.6
"5579","USS0021B60S",2010-11-08,1.3,2.2,0.6
"5580","USS0021B60S",2010-11-09,1.4,2.3,0.6
"5581","USS0021B60S",2010-11-10,2.1,5.3,-0.2
"5582","USS0021B60S",2010-11-11,2.7,6,1.1
"5583","USS0021B60S",2010-11-12,2,3.4,1.2
"5584","USS0021B60S",2010-11-13,2.9,5.2,1.1
"5585","USS0021B60S",2010-11-14,6.3,7.2,4.6
"5586","USS0021B60S",2010-11-15,5.7,7.6,2.1
"5587","USS0021B60S",2010-11-16,2.7,3.5,1.3
"5588","USS0021B60S",2010-11-17,1.4,4.3,-0.4
"5589","USS0021B60S",2010-11-18,-0.5,0.3,-1.3
"5590","USS0021B60S",2010-11-19,0.3,1.8,-0.6
"5591","USS0021B60S",2010-11-20,-0.3,1.5,-2.5
"5592","USS0021B60S",2010-11-21,-2.8,-0.9,-5.4
"5593","USS0021B60S",2010-11-22,-7.1,-4.2,-9.5
"5594","USS0021B60S",2010-11-23,-11.8,-9.1,-14.3
"5595","USS0021B60S",2010-11-24,-8.8,-5,-13.7
"5596","USS0021B60S",2010-11-25,-0.1,4.1,-5
"5597","USS0021B60S",2010-11-26,1.4,3.5,0.4
"5598","USS0021B60S",2010-11-27,-0.4,2.2,-1.7
"5599","USS0021B60S",2010-11-28,-1.4,0.7,-3.1
"5600","USS0021B60S",2010-11-29,0,2.4,-3.1
"5601","USS0021B60S",2010-11-30,2.6,3.5,1.3
"5602","USS0021B60S",2010-12-01,1.5,4.2,0.3
"5603","USS0021B60S",2010-12-02,0.4,3.3,-0.2
"5604","USS0021B60S",2010-12-03,0.5,4.7,-2.6
"5605","USS0021B60S",2010-12-04,0.5,3.6,-2.7
"5606","USS0021B60S",2010-12-05,4.6,6.9,2.4
"5607","USS0021B60S",2010-12-06,5.9,7.6,3.1
"5608","USS0021B60S",2010-12-07,5.5,7.3,3.2
"5609","USS0021B60S",2010-12-08,3.4,5.2,1.2
"5610","USS0021B60S",2010-12-09,2.1,3,0.6
"5611","USS0021B60S",2010-12-10,1.2,1.5,0.9
"5612","USS0021B60S",2010-12-11,2.6,7.4,0.3
"5613","USS0021B60S",2010-12-12,7,8.5,5.6
"5614","USS0021B60S",2010-12-13,4.8,6.5,3.4
"5615","USS0021B60S",2010-12-14,0.2,5,-0.8
"5616","USS0021B60S",2010-12-15,-0.5,0.2,-1.3
"5617","USS0021B60S",2010-12-16,0.5,2.3,-1.3
"5618","USS0021B60S",2010-12-17,0.1,1.2,-0.9
"5619","USS0021B60S",2010-12-18,-0.1,1.9,-2
"5620","USS0021B60S",2010-12-19,-0.7,0.9,-2.5
"5621","USS0021B60S",2010-12-20,0.3,2.3,-1
"5622","USS0021B60S",2010-12-21,2.9,4.5,0.7
"5623","USS0021B60S",2010-12-22,2.4,3.7,0.5
"5624","USS0021B60S",2010-12-23,3.1,5.2,0.8
"5625","USS0021B60S",2010-12-24,4.6,6.2,2.7
"5626","USS0021B60S",2010-12-25,5.2,7.7,1.6
"5627","USS0021B60S",2010-12-26,0.5,3,-1.1
"5628","USS0021B60S",2010-12-27,-0.1,2.8,-1.3
"5629","USS0021B60S",2010-12-28,1.3,3.5,-2.5
"5630","USS0021B60S",2010-12-29,-3.8,-2.3,-5.7
"5631","USS0021B60S",2010-12-30,-6.4,-4.8,-8.1
"5632","USS0021B60S",2010-12-31,-4.3,-1.3,-8
"5633","USS0021B60S",2011-01-01,-0.6,1.3,-2.5
"5634","USS0021B60S",2011-01-02,0.9,3,-1.4
"5635","USS0021B60S",2011-01-03,1.6,4,-0.1
"5636","USS0021B60S",2011-01-04,0.7,3.1,-0.8
"5637","USS0021B60S",2011-01-05,1.9,3.9,-0.7
"5638","USS0021B60S",2011-01-06,4.2,4.6,3.5
"5639","USS0021B60S",2011-01-07,2.1,4.6,-1.6
"5640","USS0021B60S",2011-01-08,-1.7,0.9,-2.9
"5641","USS0021B60S",2011-01-09,-2.6,0.3,-4.6
"5642","USS0021B60S",2011-01-10,-4.4,-3.1,-6
"5643","USS0021B60S",2011-01-11,-3.8,-1.5,-6.4
"5644","USS0021B60S",2011-01-12,2.1,4.1,-2.2
"5645","USS0021B60S",2011-01-13,5.1,6.2,3
"5646","USS0021B60S",2011-01-14,5.4,6.8,4.4
"5647","USS0021B60S",2011-01-15,5.5,6.9,4.3
"5648","USS0021B60S",2011-01-16,6.6,7.4,5.1
"5649","USS0021B60S",2011-01-17,2.4,5.4,-0.3
"5650","USS0021B60S",2011-01-18,-0.6,0.7,-2.3
"5651","USS0021B60S",2011-01-19,-1.6,-0.2,-2.8
"5652","USS0021B60S",2011-01-20,0.4,2.7,-1
"5653","USS0021B60S",2011-01-21,2.9,4.5,1.5
"5654","USS0021B60S",2011-01-22,2.6,5.8,0.6
"5655","USS0021B60S",2011-01-23,3.2,4.8,1.6
"5656","USS0021B60S",2011-01-24,4.2,6.8,2
"5657","USS0021B60S",2011-01-25,4.5,8.6,2.7
"5658","USS0021B60S",2011-01-26,9.4,11.8,6.9
"5659","USS0021B60S",2011-01-27,9.5,12.6,6.8
"5660","USS0021B60S",2011-01-28,4.4,8.5,2.4
"5661","USS0021B60S",2011-01-29,2.7,3.9,1.5
"5662","USS0021B60S",2011-01-30,1.2,3,-0.2
"5663","USS0021B60S",2011-01-31,0.2,3,-2.1
"5664","USS0021B60S",2011-02-01,-0.3,2.8,-2.8
"5665","USS0021B60S",2011-02-02,4.9,8.3,0.9
"5666","USS0021B60S",2011-02-03,5.1,7.9,3.9
"5667","USS0021B60S",2011-02-04,4.2,5.1,2.8
"5668","USS0021B60S",2011-02-05,1.8,2.9,0.8
"5669","USS0021B60S",2011-02-06,2.9,4.4,0.9
"5670","USS0021B60S",2011-02-07,0.2,2.8,-2
"5671","USS0021B60S",2011-02-08,-1,1.7,-2.6
"5672","USS0021B60S",2011-02-09,-1.7,1.8,-3.8
"5673","USS0021B60S",2011-02-10,1.2,5.9,-2.8
"5674","USS0021B60S",2011-02-11,4.5,6.9,2.7
"5675","USS0021B60S",2011-02-12,3.5,6.2,0.5
"5676","USS0021B60S",2011-02-13,2.4,6.3,0.5
"5677","USS0021B60S",2011-02-14,2.9,5.6,0
"5678","USS0021B60S",2011-02-15,0.3,2.6,-1.1
"5679","USS0021B60S",2011-02-16,-1.3,2.4,-2.5
"5680","USS0021B60S",2011-02-17,-1.6,2.4,-3.6
"5681","USS0021B60S",2011-02-18,-1,2.7,-3.2
"5682","USS0021B60S",2011-02-19,-1.4,3,-3.8
"5683","USS0021B60S",2011-02-20,-2.7,1.3,-5.6
"5684","USS0021B60S",2011-02-21,-1.5,2.2,-3
"5685","USS0021B60S",2011-02-22,-3.2,-0.9,-4.3
"5686","USS0021B60S",2011-02-23,-4.1,-2.6,-5.6
"5687","USS0021B60S",2011-02-24,-6.9,-3.7,-11.3
"5688","USS0021B60S",2011-02-25,-8.9,-3.3,-11.7
"5689","USS0021B60S",2011-02-26,-6.7,-2.9,-10.2
"5690","USS0021B60S",2011-02-27,-1.2,-0.4,-2.9
"5691","USS0021B60S",2011-02-28,-2.1,-0.5,-3
"5692","USS0021B60S",2011-03-01,-0.1,3.9,-2.8
"5693","USS0021B60S",2011-03-02,1,4.3,-1.8
"5694","USS0021B60S",2011-03-03,-0.9,1.8,-2.5
"5695","USS0021B60S",2011-03-04,0.1,6.2,-3.7
"5696","USS0021B60S",2011-03-05,1,3.4,-0.5
"5697","USS0021B60S",2011-03-06,0.2,4,-1.4
"5698","USS0021B60S",2011-03-07,-0.7,1.6,-1.9
"5699","USS0021B60S",2011-03-08,1.3,4.1,-1.3
"5700","USS0021B60S",2011-03-09,3.3,5,1.4
"5701","USS0021B60S",2011-03-10,1.8,5.6,-0.7
"5702","USS0021B60S",2011-03-11,1,4.6,-0.9
"5703","USS0021B60S",2011-03-12,2.2,3.8,1.1
"5704","USS0021B60S",2011-03-13,3.1,4.6,0.9
"5705","USS0021B60S",2011-03-14,2.3,4.9,1.2
"5706","USS0021B60S",2011-03-15,2.6,5.3,0.3
"5707","USS0021B60S",2011-03-16,0.3,2.7,-0.8
"5708","USS0021B60S",2011-03-17,1.7,8.1,-1.5
"5709","USS0021B60S",2011-03-18,2.1,4.1,-0.4
"5710","USS0021B60S",2011-03-19,2,8.7,-0.6
"5711","USS0021B60S",2011-03-20,3.3,6.2,1.3
"5712","USS0021B60S",2011-03-21,2.3,5.2,-0.3
"5713","USS0021B60S",2011-03-22,1,6.7,-1.7
"5714","USS0021B60S",2011-03-23,4.1,8.1,0.3
"5715","USS0021B60S",2011-03-24,4.9,9.7,1.8
"5716","USS0021B60S",2011-03-25,3,11.7,-0.4
"5717","USS0021B60S",2011-03-26,2.6,6.8,0.5
"5718","USS0021B60S",2011-03-27,1.8,7,-0.6
"5719","USS0021B60S",2011-03-28,1.7,5.3,0.3
"5720","USS0021B60S",2011-03-29,2.1,3.4,0.9
"5721","USS0021B60S",2011-03-30,4.4,5.7,3.3
"5722","USS0021B60S",2011-03-31,4.5,6.4,2.4
"5723","USS0021B60S",2011-04-01,3.2,4.9,0.2
"5724","USS0021B60S",2011-04-02,0.4,3.7,-0.6
"5725","USS0021B60S",2011-04-03,0.6,3.5,-0.4
"5726","USS0021B60S",2011-04-04,1,2.2,-0.1
"5727","USS0021B60S",2011-04-05,-0.1,1,-1.1
"5728","USS0021B60S",2011-04-06,NA,NA,NA
"5729","USS0021B60S",2011-04-07,-0.4,4.7,-4.2
"5730","USS0021B60S",2011-04-08,2.5,8.1,-1.8
"5731","USS0021B60S",2011-04-09,2.3,5.4,0.5
"5732","USS0021B60S",2011-04-10,2.8,5,1
"5733","USS0021B60S",2011-04-11,0.5,3.2,-0.8
"5734","USS0021B60S",2011-04-12,2.9,8.8,-2.3
"5735","USS0021B60S",2011-04-13,1.9,5.3,-0.8
"5736","USS0021B60S",2011-04-14,0.2,3,-1.1
"5737","USS0021B60S",2011-04-15,2.5,7.7,-1.9
"5738","USS0021B60S",2011-04-16,NA,NA,NA
"5739","USS0021B60S",2011-04-17,-0.2,4.8,-3
"5740","USS0021B60S",2011-04-18,-0.2,3.6,-2.5
"5741","USS0021B60S",2011-04-19,0.9,7,-1.3
"5742","USS0021B60S",2011-04-20,2.7,8,-1.5
"5743","USS0021B60S",2011-04-21,-0.2,4.7,-2.4
"5744","USS0021B60S",2011-04-22,3.9,9.5,-1.4
"5745","USS0021B60S",2011-04-23,7.8,12.8,3.2
"5746","USS0021B60S",2011-04-24,3.5,8.1,1.2
"5747","USS0021B60S",2011-04-25,2.2,4.1,0.7
"5748","USS0021B60S",2011-04-26,2.4,7.2,0.5
"5749","USS0021B60S",2011-04-27,1.3,5.1,-0.8
"5750","USS0021B60S",2011-04-28,0.3,4.9,-1
"5751","USS0021B60S",2011-04-29,1.5,6.2,-0.7
"5752","USS0021B60S",2011-04-30,2.7,7.8,-0.1
"5753","USS0021B60S",2011-05-01,6.7,12.4,0.3
"5754","USS0021B60S",2011-05-02,3.8,9.9,1.1
"5755","USS0021B60S",2011-05-03,2,7.7,0.3
"5756","USS0021B60S",2011-05-04,7.1,13.1,0.5
"5757","USS0021B60S",2011-05-05,4.1,9.3,2.4
"5758","USS0021B60S",2011-05-06,2.8,5.2,1.5
"5759","USS0021B60S",2011-05-07,2.6,6.2,0.9
"5760","USS0021B60S",2011-05-08,2.9,7.1,1
"5761","USS0021B60S",2011-05-09,4.3,6.6,2.6
"5762","USS0021B60S",2011-05-10,6.2,12.4,3.6
"5763","USS0021B60S",2011-05-11,4.8,9.4,0.6
"5764","USS0021B60S",2011-05-12,4.3,10.4,0
"5765","USS0021B60S",2011-05-13,9.9,15.1,2.3
"5766","USS0021B60S",2011-05-14,9.9,16,5.3
"5767","USS0021B60S",2011-05-15,4.5,6.2,2.3
"5768","USS0021B60S",2011-05-16,2.2,3.5,1.2
"5769","USS0021B60S",2011-05-17,6.2,11.8,1.1
"5770","USS0021B60S",2011-05-18,7.7,12.8,3.3
"5771","USS0021B60S",2011-05-19,8.9,13.8,4
"5772","USS0021B60S",2011-05-20,10.1,16.8,5.2
"5773","USS0021B60S",2011-05-21,4.8,7.2,4
"5774","USS0021B60S",2011-05-22,4.3,6.4,3.2
"5775","USS0021B60S",2011-05-23,4.2,6.5,2.6
"5776","USS0021B60S",2011-05-24,6.1,10.4,3.6
"5777","USS0021B60S",2011-05-25,6.8,10.9,1.9
"5778","USS0021B60S",2011-05-26,3.2,7.3,1.5
"5779","USS0021B60S",2011-05-27,3.7,7.3,1.6
"5780","USS0021B60S",2011-05-28,4.1,8.7,1.4
"5781","USS0021B60S",2011-05-29,5,6.7,3.6
"5782","USS0021B60S",2011-05-30,5.2,7.4,3.4
"5783","USS0021B60S",2011-05-31,7.7,11.9,5
"5784","USS0021B60S",2011-06-01,5.2,8,4.1
"5785","USS0021B60S",2011-06-02,4.7,6.2,3.5
"5786","USS0021B60S",2011-06-03,9.6,16.5,4
"5787","USS0021B60S",2011-06-04,14,18.8,8.6
"5788","USS0021B60S",2011-06-05,13.7,18.3,9.6
"5789","USS0021B60S",2011-06-06,11.2,16.6,7.1
"5790","USS0021B60S",2011-06-07,5.4,7.8,3.9
"5791","USS0021B60S",2011-06-08,5.9,8.4,4.1
"5792","USS0021B60S",2011-06-09,7.9,11,5.9
"5793","USS0021B60S",2011-06-10,7.4,9,5.5
"5794","USS0021B60S",2011-06-11,6.4,9,4.9
"5795","USS0021B60S",2011-06-12,8.7,14.4,5.4
"5796","USS0021B60S",2011-06-13,7.2,9.5,5.1
"5797","USS0021B60S",2011-06-14,6,10.1,3.6
"5798","USS0021B60S",2011-06-15,4.8,8.5,3.1
"5799","USS0021B60S",2011-06-16,6.6,9.3,3.6
"5800","USS0021B60S",2011-06-17,9.1,14.7,5.4
"5801","USS0021B60S",2011-06-18,7.1,8.4,6.1
"5802","USS0021B60S",2011-06-19,7,8.2,6.1
"5803","USS0021B60S",2011-06-20,8.5,11.4,6.1
"5804","USS0021B60S",2011-06-21,13.4,19.7,7.8
"5805","USS0021B60S",2011-06-22,12,16.7,6.2
"5806","USS0021B60S",2011-06-23,6,8.9,4.1
"5807","USS0021B60S",2011-06-24,6.3,10,4.3
"5808","USS0021B60S",2011-06-25,7.4,11.5,4.7
"5809","USS0021B60S",2011-06-26,11.8,17.8,6
"5810","USS0021B60S",2011-06-27,NA,NA,NA
"5811","USS0021B60S",2011-06-28,12.9,15.9,10.2
"5812","USS0021B60S",2011-06-29,8.7,10.3,6
"5813","USS0021B60S",2011-06-30,6.3,7.8,5.1
"5814","USS0021B60S",2011-07-01,11.3,17.8,5.5
"5815","USS0021B60S",2011-07-02,16.1,22.1,10.9
"5816","USS0021B60S",2011-07-03,9.3,12,8
"5817","USS0021B60S",2011-07-04,12.7,18.7,7.7
"5818","USS0021B60S",2011-07-05,15.6,21.7,10.2
"5819","USS0021B60S",2011-07-06,16.6,22.8,11.8
"5820","USS0021B60S",2011-07-07,10,14.5,6.1
"5821","USS0021B60S",2011-07-08,7.2,11.5,4.9
"5822","USS0021B60S",2011-07-09,10.3,15.7,5.2
"5823","USS0021B60S",2011-07-10,12.2,17.1,8.3
"5824","USS0021B60S",2011-07-11,12.3,16.7,9.4
"5825","USS0021B60S",2011-07-12,9.7,11.2,8.9
"5826","USS0021B60S",2011-07-13,9.8,13.7,7.9
"5827","USS0021B60S",2011-07-14,8.5,9.4,7.9
"5828","USS0021B60S",2011-07-15,11.2,16,8.7
"5829","USS0021B60S",2011-07-16,11.5,15.5,9.8
"5830","USS0021B60S",2011-07-17,11.3,16.1,9
"5831","USS0021B60S",2011-07-18,11.2,14.8,9
"5832","USS0021B60S",2011-07-19,9.4,11.5,8.1
"5833","USS0021B60S",2011-07-20,10.2,13.4,7.9
"5834","USS0021B60S",2011-07-21,9.1,11.7,6.7
"5835","USS0021B60S",2011-07-22,9.6,15.2,6.3
"5836","USS0021B60S",2011-07-23,14.4,20.9,8.5
"5837","USS0021B60S",2011-07-24,19.7,25.8,15.2
"5838","USS0021B60S",2011-07-25,11.6,16.6,10.1
"5839","USS0021B60S",2011-07-26,9.8,11.1,8.7
"5840","USS0021B60S",2011-07-27,10.5,15.1,8.1
"5841","USS0021B60S",2011-07-28,13.5,19.9,8.8
"5842","USS0021B60S",2011-07-29,13.7,18.1,11.2
"5843","USS0021B60S",2011-07-30,15.1,20.9,11.1
"5844","USS0021B60S",2011-07-31,11.6,13.2,9.5
"5845","USS0021B60S",2011-08-01,13.5,19.6,8.2
"5846","USS0021B60S",2011-08-02,14.1,19.6,10.5
"5847","USS0021B60S",2011-08-03,14.6,21,10.4
"5848","USS0021B60S",2011-08-04,14.9,19.8,11.3
"5849","USS0021B60S",2011-08-05,11.9,16.1,9.2
"5850","USS0021B60S",2011-08-06,12.3,17.6,10.4
"5851","USS0021B60S",2011-08-07,12.8,17.9,10
"5852","USS0021B60S",2011-08-08,11.3,13.6,10.1
"5853","USS0021B60S",2011-08-09,9.5,10.5,8.3
"5854","USS0021B60S",2011-08-10,10,12.1,8.9
"5855","USS0021B60S",2011-08-11,11.9,17.5,9.4
"5856","USS0021B60S",2011-08-12,13.3,18.9,9.7
"5857","USS0021B60S",2011-08-13,11,13.9,8.9
"5858","USS0021B60S",2011-08-14,10,14.7,8.5
"5859","USS0021B60S",2011-08-15,11,15.6,8.6
"5860","USS0021B60S",2011-08-16,13.2,19,8.8
"5861","USS0021B60S",2011-08-17,13.4,19.4,9.4
"5862","USS0021B60S",2011-08-18,11.5,16.1,8.2
"5863","USS0021B60S",2011-08-19,13.4,18.8,9
"5864","USS0021B60S",2011-08-20,19.8,25.5,13.9
"5865","USS0021B60S",2011-08-21,18.8,24.9,13.1
"5866","USS0021B60S",2011-08-22,13.6,18,11.6
"5867","USS0021B60S",2011-08-23,13.5,17.2,12
"5868","USS0021B60S",2011-08-24,16.6,21.5,12.3
"5869","USS0021B60S",2011-08-25,17.4,22.1,14.1
"5870","USS0021B60S",2011-08-26,16.8,22.4,13.3
"5871","USS0021B60S",2011-08-27,16.6,21.5,13.2
"5872","USS0021B60S",2011-08-28,16.2,20.9,12.5
"5873","USS0021B60S",2011-08-29,11.9,14.8,10.2
"5874","USS0021B60S",2011-08-30,9.9,12.6,7.7
"5875","USS0021B60S",2011-08-31,7.7,9.4,6.4
"5876","USS0021B60S",2011-09-01,10.9,16.2,6.8
"5877","USS0021B60S",2011-09-02,10,14.9,7.7
"5878","USS0021B60S",2011-09-03,15.8,22,10.7
"5879","USS0021B60S",2011-09-04,17.7,22.8,13.8
"5880","USS0021B60S",2011-09-05,16.6,21.3,13.4
"5881","USS0021B60S",2011-09-06,17.1,22.3,13
"5882","USS0021B60S",2011-09-07,22,27.5,15.9
"5883","USS0021B60S",2011-09-08,20.4,26.2,15.4
"5884","USS0021B60S",2011-09-09,18.7,23.1,15.4
"5885","USS0021B60S",2011-09-10,21.1,25.7,16.8
"5886","USS0021B60S",2011-09-11,22.7,27.9,16.8
"5887","USS0021B60S",2011-09-12,16.2,20,12
"5888","USS0021B60S",2011-09-13,11.7,14.6,9.7
"5889","USS0021B60S",2011-09-14,9.7,11.1,9
"5890","USS0021B60S",2011-09-15,8.6,9.2,7.6
"5891","USS0021B60S",2011-09-16,7.8,12.5,5.5
"5892","USS0021B60S",2011-09-17,7.8,10.7,6
"5893","USS0021B60S",2011-09-18,10.6,12.1,7.5
"5894","USS0021B60S",2011-09-19,9.1,12.8,6.7
"5895","USS0021B60S",2011-09-20,14.6,19.4,8.6
"5896","USS0021B60S",2011-09-21,16.5,20.2,13.8
"5897","USS0021B60S",2011-09-22,14.6,16.5,12.1
"5898","USS0021B60S",2011-09-23,16.8,20.9,14.2
"5899","USS0021B60S",2011-09-24,17.9,23.1,13.8
"5900","USS0021B60S",2011-09-25,9.5,14.5,6.7
"5901","USS0021B60S",2011-09-26,8.9,10.5,6.9
"5902","USS0021B60S",2011-09-27,7.9,9.7,6.3
"5903","USS0021B60S",2011-09-28,9.5,13.7,4.5
"5904","USS0021B60S",2011-09-29,15.5,19.7,10.3
"5905","USS0021B60S",2011-09-30,12,17.6,8.2
"5906","USS0021B60S",2011-10-01,7.9,9.4,6.5
"5907","USS0021B60S",2011-10-02,9.1,13.1,6.9
"5908","USS0021B60S",2011-10-03,7.8,9.3,6.4
"5909","USS0021B60S",2011-10-04,7.5,11.8,5.3
"5910","USS0021B60S",2011-10-05,5.6,8.9,4.4
"5911","USS0021B60S",2011-10-06,5.9,7,4.7
"5912","USS0021B60S",2011-10-07,6.3,7.9,4.7
"5913","USS0021B60S",2011-10-08,8.1,11.6,4.9
"5914","USS0021B60S",2011-10-09,7.9,9.6,6.9
"5915","USS0021B60S",2011-10-10,7.6,9.2,6.5
"5916","USS0021B60S",2011-10-11,6.2,7.2,4.4
"5917","USS0021B60S",2011-10-12,5.6,8.5,4.6
"5918","USS0021B60S",2011-10-13,5.9,9.2,2.7
"5919","USS0021B60S",2011-10-14,6.4,8,4.6
"5920","USS0021B60S",2011-10-15,7.1,10.7,4.2
"5921","USS0021B60S",2011-10-16,6.4,9.7,4.2
"5922","USS0021B60S",2011-10-17,8.1,12.2,3.8
"5923","USS0021B60S",2011-10-18,12.8,16,9.5
"5924","USS0021B60S",2011-10-19,9,13.7,5.8
"5925","USS0021B60S",2011-10-20,6.8,8.4,5.8
"5926","USS0021B60S",2011-10-21,7.9,8.5,6.6
"5927","USS0021B60S",2011-10-22,9.1,10,7.8
"5928","USS0021B60S",2011-10-23,5.8,7.9,2.4
"5929","USS0021B60S",2011-10-24,2.9,5.5,1.6
"5930","USS0021B60S",2011-10-25,3.4,6.5,1.1
"5931","USS0021B60S",2011-10-26,4.2,6.6,1.4
"5932","USS0021B60S",2011-10-27,4.2,9.4,0.5
"5933","USS0021B60S",2011-10-28,7.1,9.7,1.8
"5934","USS0021B60S",2011-10-29,4.7,7.5,1.7
"5935","USS0021B60S",2011-10-30,7.1,9.7,1.9
"5936","USS0021B60S",2011-10-31,2.3,4.3,1.1
"5937","USS0021B60S",2011-11-01,2.6,6.9,-0.3
"5938","USS0021B60S",2011-11-02,6.2,10.5,1
"5939","USS0021B60S",2011-11-03,1.2,4.5,-0.2
"5940","USS0021B60S",2011-11-04,-0.3,1,-0.8
"5941","USS0021B60S",2011-11-05,0.1,3.6,-1.5
"5942","USS0021B60S",2011-11-06,1,4.4,-0.5
"5943","USS0021B60S",2011-11-07,1.5,2.9,0.5
"5944","USS0021B60S",2011-11-08,3.4,5.7,1.7
"5945","USS0021B60S",2011-11-09,7,9.1,4.7
"5946","USS0021B60S",2011-11-10,7.1,10,5.3
"5947","USS0021B60S",2011-11-11,3.4,7.6,-1.2
"5948","USS0021B60S",2011-11-12,0.2,3.3,-1.2
"5949","USS0021B60S",2011-11-13,1.7,2.3,1.1
"5950","USS0021B60S",2011-11-14,0,2.1,-2
"5951","USS0021B60S",2011-11-15,-1,1.5,-2.2
"5952","USS0021B60S",2011-11-16,2,5.2,-1.4
"5953","USS0021B60S",2011-11-17,-0.5,3.7,-1.8
"5954","USS0021B60S",2011-11-18,-2.4,0,-4.5
"5955","USS0021B60S",2011-11-19,-2.8,0.9,-4.7
"5956","USS0021B60S",2011-11-20,-2,1.3,-4.6
"5957","USS0021B60S",2011-11-21,1.4,3.4,-0.7
"5958","USS0021B60S",2011-11-22,3.3,7,0.9
"5959","USS0021B60S",2011-11-23,2.4,6.8,-0.2
"5960","USS0021B60S",2011-11-24,0.4,1.7,-0.9
"5961","USS0021B60S",2011-11-25,-0.4,2.8,-1.9
"5962","USS0021B60S",2011-11-26,5.5,10.3,1.3
"5963","USS0021B60S",2011-11-27,4.8,10.2,0.4
"5964","USS0021B60S",2011-11-28,0.5,2.6,-0.5
"5965","USS0021B60S",2011-11-29,1.3,5.7,-0.6
"5966","USS0021B60S",2011-11-30,0.8,2.8,-1.2
"5967","USS0021B60S",2011-12-01,3,7,-0.6
"5968","USS0021B60S",2011-12-02,-0.5,1.2,-2.2
"5969","USS0021B60S",2011-12-03,-1,1.1,-2.4
"5970","USS0021B60S",2011-12-04,0.8,4.9,-2.9
"5971","USS0021B60S",2011-12-05,2,4,-0.1
"5972","USS0021B60S",2011-12-06,2.6,6.1,1
"5973","USS0021B60S",2011-12-07,0.2,3.3,-2.2
"5974","USS0021B60S",2011-12-08,3.3,7.2,-1.6
"5975","USS0021B60S",2011-12-09,9.8,12.8,5.9
"5976","USS0021B60S",2011-12-10,1.1,9.8,-1
"5977","USS0021B60S",2011-12-11,-1.4,-0.1,-3
"5978","USS0021B60S",2011-12-12,-1.9,1.5,-4.7
"5979","USS0021B60S",2011-12-13,1.6,4,-0.4
"5980","USS0021B60S",2011-12-14,1.5,4.1,-0.4
"5981","USS0021B60S",2011-12-15,1.4,2.8,0
"5982","USS0021B60S",2011-12-16,3.8,6.6,1.6
"5983","USS0021B60S",2011-12-17,8.1,11.4,5.1
"5984","USS0021B60S",2011-12-18,2.3,7,0.6
"5985","USS0021B60S",2011-12-19,1.2,4.8,-0.2
"5986","USS0021B60S",2011-12-20,1.3,3.4,-0.8
"5987","USS0021B60S",2011-12-21,-0.8,0.7,-2.1
"5988","USS0021B60S",2011-12-22,3.2,7.2,-1.5
"5989","USS0021B60S",2011-12-23,2.4,4.8,-0.6
"5990","USS0021B60S",2011-12-24,5.9,10.2,3.5
"5991","USS0021B60S",2011-12-25,4.1,10.3,-0.5
"5992","USS0021B60S",2011-12-26,-0.2,1.8,-1.3
"5993","USS0021B60S",2011-12-27,3.8,6,0.6
"5994","USS0021B60S",2011-12-28,5.3,6.4,3.2
"5995","USS0021B60S",2011-12-29,2.2,5.2,0.7
"5996","USS0021B60S",2011-12-30,0.3,5.1,-2.3
"5997","USS0021B60S",2011-12-31,-1.7,0.5,-3.6
"5998","USS0021B60S",2012-01-01,4.6,9.3,-0.9
"5999","USS0021B60S",2012-01-02,7,11.4,2.4
"6000","USS0021B60S",2012-01-03,4.9,8.8,2.5
"6001","USS0021B60S",2012-01-04,6.3,9.7,3
"6002","USS0021B60S",2012-01-05,0.5,3.1,-1
"6003","USS0021B60S",2012-01-06,-1.2,0.8,-2.3
"6004","USS0021B60S",2012-01-07,0.9,3.2,-1.1
"6005","USS0021B60S",2012-01-08,5.1,8.1,2.4
"6006","USS0021B60S",2012-01-09,4.2,7.9,-0.6
"6007","USS0021B60S",2012-01-10,-1.4,0.4,-3.1
"6008","USS0021B60S",2012-01-11,2.7,5.9,-2
"6009","USS0021B60S",2012-01-12,6.3,9.6,3.2
"6010","USS0021B60S",2012-01-13,5.7,8.7,2.7
"6011","USS0021B60S",2012-01-14,-1.3,4.1,-4.6
"6012","USS0021B60S",2012-01-15,-4.5,-1.9,-6.3
"6013","USS0021B60S",2012-01-16,-4.9,-3.2,-6.9
"6014","USS0021B60S",2012-01-17,-4.1,-2.8,-7.4
"6015","USS0021B60S",2012-01-18,-2.6,0.9,-7.5
"6016","USS0021B60S",2012-01-19,1.2,2.2,0.6
"6017","USS0021B60S",2012-01-20,3,4.6,1.3
"6018","USS0021B60S",2012-01-21,0.4,4.4,-1.6
"6019","USS0021B60S",2012-01-22,-0.6,0.5,-1.9
"6020","USS0021B60S",2012-01-23,-0.1,2.1,-1.3
"6021","USS0021B60S",2012-01-24,2.8,5.8,-0.1
"6022","USS0021B60S",2012-01-25,0.6,2.2,-0.4
"6023","USS0021B60S",2012-01-26,-0.9,3.5,-3.8
"6024","USS0021B60S",2012-01-27,-2.1,1.7,-4.3
"6025","USS0021B60S",2012-01-28,2.7,7.5,-1.2
"6026","USS0021B60S",2012-01-29,4.3,7.4,1.4
"6027","USS0021B60S",2012-01-30,1.4,3,1
"6028","USS0021B60S",2012-01-31,1.8,3.9,0.5
"6029","USS0021B60S",2012-02-01,0.9,3,-0.8
"6030","USS0021B60S",2012-02-02,2.4,6,-1.3
"6031","USS0021B60S",2012-02-03,5.3,9,1.7
"6032","USS0021B60S",2012-02-04,4,7.8,0.2
"6033","USS0021B60S",2012-02-05,6,9.6,3.2
"6034","USS0021B60S",2012-02-06,5.8,8.2,3.5
"6035","USS0021B60S",2012-02-07,5.5,8.1,2.4
"6036","USS0021B60S",2012-02-08,4,5.9,2.1
"6037","USS0021B60S",2012-02-09,6.2,8.7,4.4
"6038","USS0021B60S",2012-02-10,6.5,9.3,2.6
"6039","USS0021B60S",2012-02-11,1.9,3.6,0.6
"6040","USS0021B60S",2012-02-12,1.4,3.6,0.3
"6041","USS0021B60S",2012-02-13,1,3.1,-0.3
"6042","USS0021B60S",2012-02-14,-0.5,1.6,-2.6
"6043","USS0021B60S",2012-02-15,-0.4,2.8,-2.8
"6044","USS0021B60S",2012-02-16,1.9,3.5,-0.2
"6045","USS0021B60S",2012-02-17,2.7,6.2,-0.5
"6046","USS0021B60S",2012-02-18,-0.3,0.3,-0.8
"6047","USS0021B60S",2012-02-19,-1.7,-0.4,-3.4
"6048","USS0021B60S",2012-02-20,0.4,2.9,-3.5
"6049","USS0021B60S",2012-02-21,3.1,4,1.7
"6050","USS0021B60S",2012-02-22,1,3.9,-0.7
"6051","USS0021B60S",2012-02-23,-0.5,1,-1.3
"6052","USS0021B60S",2012-02-24,0.9,2.8,-1.5
"6053","USS0021B60S",2012-02-25,-1.5,0.5,-2.9
"6054","USS0021B60S",2012-02-26,-3.1,0.8,-6.4
"6055","USS0021B60S",2012-02-27,-3.2,1.8,-6.6
"6056","USS0021B60S",2012-02-28,-1.6,1.4,-4.2
"6057","USS0021B60S",2012-02-29,-2.2,-1,-3.6
"6058","USS0021B60S",2012-03-01,-1.9,0.4,-3.1
"6059","USS0021B60S",2012-03-02,0,1.5,-1.4
"6060","USS0021B60S",2012-03-03,2.7,3.6,1.4
"6061","USS0021B60S",2012-03-04,2.7,5.4,1.8
"6062","USS0021B60S",2012-03-05,-0.3,2.4,-3.8
"6063","USS0021B60S",2012-03-06,-3.7,0.7,-5.7
"6064","USS0021B60S",2012-03-07,-1.3,4.2,-5.9
"6065","USS0021B60S",2012-03-08,8.6,15.4,2.4
"6066","USS0021B60S",2012-03-09,3.9,7.9,0.1
"6067","USS0021B60S",2012-03-10,1.8,3.7,1.1
"6068","USS0021B60S",2012-03-11,-1,1.5,-2.7
"6069","USS0021B60S",2012-03-12,-0.6,1.3,-2.2
"6070","USS0021B60S",2012-03-13,-2.6,-1.2,-3.5
"6071","USS0021B60S",2012-03-14,-0.7,2.5,-3.7
"6072","USS0021B60S",2012-03-15,2.4,4.7,0.7
"6073","USS0021B60S",2012-03-16,1,4.1,-0.6
"6074","USS0021B60S",2012-03-17,0,2.6,-1.7
"6075","USS0021B60S",2012-03-18,-1.2,2.1,-3.3
"6076","USS0021B60S",2012-03-19,-1.4,4.6,-6.2
"6077","USS0021B60S",2012-03-20,-0.7,1.8,-2.3
"6078","USS0021B60S",2012-03-21,-1.1,3.5,-3.7
"6079","USS0021B60S",2012-03-22,0.1,6.3,-2.7
"6080","USS0021B60S",2012-03-23,2.2,10.3,-3.2
"6081","USS0021B60S",2012-03-24,4.9,9.7,-0.4
"6082","USS0021B60S",2012-03-25,6.7,13.5,2.9
"6083","USS0021B60S",2012-03-26,2.3,5.1,0.9
"6084","USS0021B60S",2012-03-27,4.9,7.4,2.4
"6085","USS0021B60S",2012-03-28,2.4,5.7,0.9
"6086","USS0021B60S",2012-03-29,2.2,3.8,1.1
"6087","USS0021B60S",2012-03-30,1.2,3.2,-0.3
"6088","USS0021B60S",2012-03-31,2,4.1,-0.3
"6089","USS0021B60S",2012-04-01,0.2,1.4,-1.1
"6090","USS0021B60S",2012-04-02,3.8,9,-0.4
"6091","USS0021B60S",2012-04-03,2.9,8.5,-0.4
"6092","USS0021B60S",2012-04-04,0.2,3.8,-1.8
"6093","USS0021B60S",2012-04-05,0.1,4.3,-3.4
"6094","USS0021B60S",2012-04-06,0.1,5,-2.3
"6095","USS0021B60S",2012-04-07,3.6,10,-2.4
"6096","USS0021B60S",2012-04-08,8.1,12.2,4.6
"6097","USS0021B60S",2012-04-09,9.7,14.2,6.1
"6098","USS0021B60S",2012-04-10,9.6,15.2,4.7
"6099","USS0021B60S",2012-04-11,4.1,6.2,2.6
"6100","USS0021B60S",2012-04-12,3.6,10.5,1.3
"6101","USS0021B60S",2012-04-13,5.1,11.4,0.8
"6102","USS0021B60S",2012-04-14,4.6,9.1,1.5
"6103","USS0021B60S",2012-04-15,5.4,10.4,1.7
"6104","USS0021B60S",2012-04-16,4.1,6.9,0.9
"6105","USS0021B60S",2012-04-17,2.4,6,0.5
"6106","USS0021B60S",2012-04-18,3.1,7.2,1.5
"6107","USS0021B60S",2012-04-19,5,8.2,1
"6108","USS0021B60S",2012-04-20,3.9,7.6,1
"6109","USS0021B60S",2012-04-21,9.3,14.3,4
"6110","USS0021B60S",2012-04-22,12.7,16.2,8.8
"6111","USS0021B60S",2012-04-23,11.8,16.3,7.7
"6112","USS0021B60S",2012-04-24,6.6,10.2,4.9
"6113","USS0021B60S",2012-04-25,7.2,13.2,4.9
"6114","USS0021B60S",2012-04-26,2.9,6.4,0.9
"6115","USS0021B60S",2012-04-27,2.4,7.4,0.7
"6116","USS0021B60S",2012-04-28,5.3,9,2.3
"6117","USS0021B60S",2012-04-29,5.9,8.4,4.6
"6118","USS0021B60S",2012-04-30,3.2,5,1.2
"6119","USS0021B60S",2012-05-01,1.4,5.1,0.4
"6120","USS0021B60S",2012-05-02,3.1,9.2,0.1
"6121","USS0021B60S",2012-05-03,3.9,7,1.3
"6122","USS0021B60S",2012-05-04,1.6,6.2,0.3
"6123","USS0021B60S",2012-05-05,2.4,6.4,0
"6124","USS0021B60S",2012-05-06,7.1,13.6,1
"6125","USS0021B60S",2012-05-07,11.9,16.6,6.2
"6126","USS0021B60S",2012-05-08,9.5,15.1,2.8
"6127","USS0021B60S",2012-05-09,2.1,7.4,-0.3
"6128","USS0021B60S",2012-05-10,2.6,8.2,-0.3
"6129","USS0021B60S",2012-05-11,8,14.7,0.9
"6130","USS0021B60S",2012-05-12,13.8,19.1,8.8
"6131","USS0021B60S",2012-05-13,14.8,20,9.5
"6132","USS0021B60S",2012-05-14,16.1,20.6,10.9
"6133","USS0021B60S",2012-05-15,12.6,18.1,8
"6134","USS0021B60S",2012-05-16,9,14.2,4.7
"6135","USS0021B60S",2012-05-17,6.2,11,3.1
"6136","USS0021B60S",2012-05-18,4.8,10.4,2
"6137","USS0021B60S",2012-05-19,8.7,14.7,3
"6138","USS0021B60S",2012-05-20,8.7,11.3,6.8
"6139","USS0021B60S",2012-05-21,8.1,11.7,4.8
"6140","USS0021B60S",2012-05-22,4.2,5.9,3
"6141","USS0021B60S",2012-05-23,3.5,4.7,1.9
"6142","USS0021B60S",2012-05-24,5.2,10.3,1.7
"6143","USS0021B60S",2012-05-25,9.2,15,4.7
"6144","USS0021B60S",2012-05-26,11.2,16.4,6.5
"6145","USS0021B60S",2012-05-27,6.6,10.3,4.8
"6146","USS0021B60S",2012-05-28,5.4,9.6,3.9
"6147","USS0021B60S",2012-05-29,5.2,9.5,2.9
"6148","USS0021B60S",2012-05-30,8.9,14.6,4.7
"6149","USS0021B60S",2012-05-31,8.9,10.6,7
"6150","USS0021B60S",2012-06-01,10,11.9,7.1
"6151","USS0021B60S",2012-06-02,6.9,9.6,4.2
"6152","USS0021B60S",2012-06-03,5.7,9.9,3.3
"6153","USS0021B60S",2012-06-04,7.5,11.9,5
"6154","USS0021B60S",2012-06-05,3.5,5.4,1.9
"6155","USS0021B60S",2012-06-06,4.3,9.2,1.3
"6156","USS0021B60S",2012-06-07,6,8.6,3.2
"6157","USS0021B60S",2012-06-08,4.3,9.2,2.7
"6158","USS0021B60S",2012-06-09,4.7,7.2,2.9
"6159","USS0021B60S",2012-06-10,7.4,12.8,3.8
"6160","USS0021B60S",2012-06-11,12,17.7,6.6
"6161","USS0021B60S",2012-06-12,9.9,13,7.8
"6162","USS0021B60S",2012-06-13,6.2,8.1,4.9
"6163","USS0021B60S",2012-06-14,6.1,8,5.1
"6164","USS0021B60S",2012-06-15,11.2,17.5,5.2
"6165","USS0021B60S",2012-06-16,11.8,12.9,10.6
"6166","USS0021B60S",2012-06-17,8.6,11.4,5.6
"6167","USS0021B60S",2012-06-18,5.9,7.6,4.6
"6168","USS0021B60S",2012-06-19,6.5,9.5,4.2
"6169","USS0021B60S",2012-06-20,13.1,18.8,5.9
"6170","USS0021B60S",2012-06-21,14.8,19.2,11
"6171","USS0021B60S",2012-06-22,9.3,11.5,7.6
"6172","USS0021B60S",2012-06-23,7.6,11.3,5
"6173","USS0021B60S",2012-06-24,7.5,10.5,4.8
"6174","USS0021B60S",2012-06-25,9,12.7,6.3
"6175","USS0021B60S",2012-06-26,6.5,7.9,5.3
"6176","USS0021B60S",2012-06-27,11.2,17.9,4.7
"6177","USS0021B60S",2012-06-28,14.1,20,9.5
"6178","USS0021B60S",2012-06-29,11.7,15.8,9.4
"6179","USS0021B60S",2012-06-30,11.9,13.8,9.8
"6180","USS0021B60S",2012-07-01,9.3,11.3,7.7
"6181","USS0021B60S",2012-07-02,9.3,13.5,7.4
"6182","USS0021B60S",2012-07-03,6.6,8.4,5.3
"6183","USS0021B60S",2012-07-04,9.3,14.1,4.6
"6184","USS0021B60S",2012-07-05,13.4,19.4,8.2
"6185","USS0021B60S",2012-07-06,15.5,21.5,11.1
"6186","USS0021B60S",2012-07-07,17.4,23,11.8
"6187","USS0021B60S",2012-07-08,19.2,24.3,14.9
"6188","USS0021B60S",2012-07-09,16.7,21.8,13.2
"6189","USS0021B60S",2012-07-10,15.5,19.4,11.8
"6190","USS0021B60S",2012-07-11,16.8,22.6,11.7
"6191","USS0021B60S",2012-07-12,16.4,22,12.3
"6192","USS0021B60S",2012-07-13,14.8,18.7,11.5
"6193","USS0021B60S",2012-07-14,15,19.7,12.9
"6194","USS0021B60S",2012-07-15,11.2,14,9.4
"6195","USS0021B60S",2012-07-16,14.8,21.1,9
"6196","USS0021B60S",2012-07-17,16.6,20,13.8
"6197","USS0021B60S",2012-07-18,13.5,18.6,11.1
"6198","USS0021B60S",2012-07-19,15.5,21.9,11.1
"6199","USS0021B60S",2012-07-20,12,14.8,10.5
"6200","USS0021B60S",2012-07-21,12.4,15.7,10.2
"6201","USS0021B60S",2012-07-22,9.2,12.1,6.2
"6202","USS0021B60S",2012-07-23,8.3,11.5,5.9
"6203","USS0021B60S",2012-07-24,12.7,18,7.7
"6204","USS0021B60S",2012-07-25,16.4,22.5,11.5
"6205","USS0021B60S",2012-07-26,16.6,21.9,13.2
"6206","USS0021B60S",2012-07-27,11.8,13.8,10.4
"6207","USS0021B60S",2012-07-28,12.1,17.9,9.4
"6208","USS0021B60S",2012-07-29,12.5,16.7,10
"6209","USS0021B60S",2012-07-30,10.9,12.7,9.7
"6210","USS0021B60S",2012-07-31,11.6,16.9,9.4
"6211","USS0021B60S",2012-08-01,13,19.2,8.9
"6212","USS0021B60S",2012-08-02,12.4,17.1,9.9
"6213","USS0021B60S",2012-08-03,16.3,22,10
"6214","USS0021B60S",2012-08-04,23,28.7,17.2
"6215","USS0021B60S",2012-08-05,23.3,29.4,17.6
"6216","USS0021B60S",2012-08-06,19.3,24.5,15.3
"6217","USS0021B60S",2012-08-07,16.2,21.4,13.1
"6218","USS0021B60S",2012-08-08,11.6,13.6,10
"6219","USS0021B60S",2012-08-09,13,17.6,9
"6220","USS0021B60S",2012-08-10,13.6,18.1,10.3
"6221","USS0021B60S",2012-08-11,16.2,22,10.9
"6222","USS0021B60S",2012-08-12,19.7,24.9,15.8
"6223","USS0021B60S",2012-08-13,18.7,24.8,14.5
"6224","USS0021B60S",2012-08-14,16.4,21.7,13.3
"6225","USS0021B60S",2012-08-15,19.6,25.1,13.2
"6226","USS0021B60S",2012-08-16,22.2,27.9,17.5
"6227","USS0021B60S",2012-08-17,22.8,28,18.5
"6228","USS0021B60S",2012-08-18,20.3,26,13.6
"6229","USS0021B60S",2012-08-19,13.4,15.3,12
"6230","USS0021B60S",2012-08-20,13.8,18.5,11.5
"6231","USS0021B60S",2012-08-21,11.3,13,9.4
"6232","USS0021B60S",2012-08-22,10.6,14.5,7.8
"6233","USS0021B60S",2012-08-23,9.8,14.2,6.9
"6234","USS0021B60S",2012-08-24,9.7,15.1,6.5
"6235","USS0021B60S",2012-08-25,16,22.2,9.5
"6236","USS0021B60S",2012-08-26,14.7,20.1,10.3
"6237","USS0021B60S",2012-08-27,12.6,19.2,8
"6238","USS0021B60S",2012-08-28,11.7,17.2,8.6
"6239","USS0021B60S",2012-08-29,10,14.1,8
"6240","USS0021B60S",2012-08-30,11.3,17,7.9
"6241","USS0021B60S",2012-08-31,9.9,15,7
"6242","USS0021B60S",2012-09-01,10,15.1,6.3
"6243","USS0021B60S",2012-09-02,9.9,15.3,6.6
"6244","USS0021B60S",2012-09-03,11.4,17.1,7.7
"6245","USS0021B60S",2012-09-04,13.1,18.8,8.9
"6246","USS0021B60S",2012-09-05,14.7,20.4,10.9
"6247","USS0021B60S",2012-09-06,17,22.3,12.5
"6248","USS0021B60S",2012-09-07,19.8,25.2,15
"6249","USS0021B60S",2012-09-08,19.4,26.1,10.8
"6250","USS0021B60S",2012-09-09,9.3,11,8
"6251","USS0021B60S",2012-09-10,6.9,10.5,3.4
"6252","USS0021B60S",2012-09-11,7.2,12.7,3.1
"6253","USS0021B60S",2012-09-12,12.5,18.5,6.1
"6254","USS0021B60S",2012-09-13,17.8,23.3,12.5
"6255","USS0021B60S",2012-09-14,17.5,21.5,13.1
"6256","USS0021B60S",2012-09-15,13.8,18,10.7
"6257","USS0021B60S",2012-09-16,14.7,19,9.7
"6258","USS0021B60S",2012-09-17,18.8,22.9,14.7
"6259","USS0021B60S",2012-09-18,18.2,22.8,14.8
"6260","USS0021B60S",2012-09-19,17.3,22.7,13.1
"6261","USS0021B60S",2012-09-20,19.1,27.5,10.7
"6262","USS0021B60S",2012-09-21,9.7,14.1,8.4
"6263","USS0021B60S",2012-09-22,8.4,9.8,7.3
"6264","USS0021B60S",2012-09-23,9.6,14.8,6.8
"6265","USS0021B60S",2012-09-24,10.8,14.7,8.6
"6266","USS0021B60S",2012-09-25,9.5,12.1,7.1
"6267","USS0021B60S",2012-09-26,11,15.9,6.8
"6268","USS0021B60S",2012-09-27,14.7,19.4,10.8
"6269","USS0021B60S",2012-09-28,14.2,17.8,11.1
"6270","USS0021B60S",2012-09-29,10,12.5,6.8
"6271","USS0021B60S",2012-09-30,10,14.3,6.6
"6272","USS0021B60S",2012-10-01,13.4,18.5,8.7
"6273","USS0021B60S",2012-10-02,6.8,11.8,3.7
"6274","USS0021B60S",2012-10-03,8.3,12.6,3.9
"6275","USS0021B60S",2012-10-04,8.8,13.3,5.3
"6276","USS0021B60S",2012-10-05,10.1,14,6.1
"6277","USS0021B60S",2012-10-06,12.3,16.2,8.1
"6278","USS0021B60S",2012-10-07,14.6,19.4,12.2
"6279","USS0021B60S",2012-10-08,12.3,16.5,8.8
"6280","USS0021B60S",2012-10-09,11.2,15.8,8.2
"6281","USS0021B60S",2012-10-10,10,14.6,7.3
"6282","USS0021B60S",2012-10-11,11.9,17.3,8.2
"6283","USS0021B60S",2012-10-12,7.8,11.2,5.6
"6284","USS0021B60S",2012-10-13,9,9.8,7.9
"6285","USS0021B60S",2012-10-14,10.1,11.6,9.2
"6286","USS0021B60S",2012-10-15,9.7,12,7
"6287","USS0021B60S",2012-10-16,4.7,9.1,2
"6288","USS0021B60S",2012-10-17,5.3,8.9,1.9
"6289","USS0021B60S",2012-10-18,11.3,16.8,6.8
"6290","USS0021B60S",2012-10-19,7.1,10.3,1.5
"6291","USS0021B60S",2012-10-20,1.3,3.4,0.5
"6292","USS0021B60S",2012-10-21,1.5,4,0.3
"6293","USS0021B60S",2012-10-22,2.2,4.3,0.6
"6294","USS0021B60S",2012-10-23,1.6,4.9,0.5
"6295","USS0021B60S",2012-10-24,2.3,5.4,1.2
"6296","USS0021B60S",2012-10-25,2.7,5.1,1.3
"6297","USS0021B60S",2012-10-26,4,5.1,2.1
"6298","USS0021B60S",2012-10-27,5.8,9.6,3.5
"6299","USS0021B60S",2012-10-28,8,9.5,6.6
"6300","USS0021B60S",2012-10-29,8.8,10.2,7.8
"6301","USS0021B60S",2012-10-30,8.9,9.9,7.3
"6302","USS0021B60S",2012-10-31,8.8,11.3,6.9
"6303","USS0021B60S",2012-11-01,6.6,8.1,5.2
"6304","USS0021B60S",2012-11-02,7.8,10.7,6.1
"6305","USS0021B60S",2012-11-03,7.8,8.6,7.2
"6306","USS0021B60S",2012-11-04,9.8,11,7.2
"6307","USS0021B60S",2012-11-05,7.6,11.1,4.2
"6308","USS0021B60S",2012-11-06,9.2,12.8,4.3
"6309","USS0021B60S",2012-11-07,2.1,4.3,0.7
"6310","USS0021B60S",2012-11-08,1.4,3.6,-0.5
"6311","USS0021B60S",2012-11-09,-0.6,0.7,-2
"6312","USS0021B60S",2012-11-10,-1.6,0.3,-2.9
"6313","USS0021B60S",2012-11-11,0.6,3,-2.4
"6314","USS0021B60S",2012-11-12,3.7,4.5,2
"6315","USS0021B60S",2012-11-13,3.9,5.2,3.1
"6316","USS0021B60S",2012-11-14,3.6,4.8,2
"6317","USS0021B60S",2012-11-15,4,6.2,1.7
"6318","USS0021B60S",2012-11-16,4.6,6.7,2.8
"6319","USS0021B60S",2012-11-17,4.3,7.5,0.9
"6320","USS0021B60S",2012-11-18,1.9,3.7,1
"6321","USS0021B60S",2012-11-19,4.5,6.8,2.3
"6322","USS0021B60S",2012-11-20,3.8,6.1,1.8
"6323","USS0021B60S",2012-11-21,1,4.1,0.2
"6324","USS0021B60S",2012-11-22,1.8,5.9,-0.8
"6325","USS0021B60S",2012-11-23,5.3,6.5,3.4
"6326","USS0021B60S",2012-11-24,1.7,4,-0.4
"6327","USS0021B60S",2012-11-25,0.5,2.5,-0.9
"6328","USS0021B60S",2012-11-26,3.2,6.6,0.1
"6329","USS0021B60S",2012-11-27,7.6,10.5,4
"6330","USS0021B60S",2012-11-28,8,11.4,4.3
"6331","USS0021B60S",2012-11-29,5.9,8,4.5
"6332","USS0021B60S",2012-11-30,5.1,7.1,4.1
"6333","USS0021B60S",2012-12-01,3.4,4.9,1.6
"6334","USS0021B60S",2012-12-02,1.8,4,1.1
"6335","USS0021B60S",2012-12-03,2.4,5.3,1.2
"6336","USS0021B60S",2012-12-04,3.5,6.2,1.2
"6337","USS0021B60S",2012-12-05,0.2,1.5,-0.6
"6338","USS0021B60S",2012-12-06,0.5,0.8,0.1
"6339","USS0021B60S",2012-12-07,-0.2,1.2,-1.8
"6340","USS0021B60S",2012-12-08,-1.8,-0.1,-3
"6341","USS0021B60S",2012-12-09,0.4,3,-2.2
"6342","USS0021B60S",2012-12-10,2,3.2,0.6
"6343","USS0021B60S",2012-12-11,0.8,1.5,0.2
"6344","USS0021B60S",2012-12-12,0.1,1.5,-1.7
"6345","USS0021B60S",2012-12-13,-0.4,1.5,-1.5
"6346","USS0021B60S",2012-12-14,-1,1,-2.8
"6347","USS0021B60S",2012-12-15,-1.6,0.3,-3.4
"6348","USS0021B60S",2012-12-16,-0.7,1.1,-1.5
"6349","USS0021B60S",2012-12-17,-1,1.2,-3.1
"6350","USS0021B60S",2012-12-18,-3.1,-2.6,-3.5
"6351","USS0021B60S",2012-12-19,-1.3,0.2,-3.7
"6352","USS0021B60S",2012-12-20,-0.2,1.1,-2.7
"6353","USS0021B60S",2012-12-21,-0.3,1.8,-3
"6354","USS0021B60S",2012-12-22,1.1,3,-0.3
"6355","USS0021B60S",2012-12-23,0.4,2,-1.2
"6356","USS0021B60S",2012-12-24,-0.4,1.4,-1.6
"6357","USS0021B60S",2012-12-25,0.1,1.6,-1
"6358","USS0021B60S",2012-12-26,0.8,2,0
"6359","USS0021B60S",2012-12-27,0.1,1.4,-0.6
"6360","USS0021B60S",2012-12-28,0.4,2.5,-1.1
"6361","USS0021B60S",2012-12-29,-0.4,1.7,-1.3
"6362","USS0021B60S",2012-12-30,-1.6,-0.3,-2.9
"6363","USS0021B60S",2012-12-31,-0.8,1.7,-3
"6364","USS0021B60S",2013-01-01,2.3,5.4,-3.2
"6365","USS0021B60S",2013-01-02,5.7,8.1,3.3
"6366","USS0021B60S",2013-01-03,4.8,8.6,1.1
"6367","USS0021B60S",2013-01-04,3.4,6.2,2.1
"6368","USS0021B60S",2013-01-05,3.4,6.7,0.1
"6369","USS0021B60S",2013-01-06,0.4,1.5,0
"6370","USS0021B60S",2013-01-07,2.4,4.2,1.1
"6371","USS0021B60S",2013-01-08,2.9,5.3,0.5
"6372","USS0021B60S",2013-01-09,0.2,4.9,-2.7
"6373","USS0021B60S",2013-01-10,-3.2,-1.8,-6.1
"6374","USS0021B60S",2013-01-11,-5.6,-1.5,-7.3
"6375","USS0021B60S",2013-01-12,-6.1,-1.9,-7.8
"6376","USS0021B60S",2013-01-13,-5.1,-1,-8.1
"6377","USS0021B60S",2013-01-14,-2,-0.7,-3.9
"6378","USS0021B60S",2013-01-15,0.5,5.9,-2.3
"6379","USS0021B60S",2013-01-16,5.4,8.3,2.5
"6380","USS0021B60S",2013-01-17,8.3,11.4,5.6
"6381","USS0021B60S",2013-01-18,7.1,9.8,5.5
"6382","USS0021B60S",2013-01-19,8.7,11.5,5.7
"6383","USS0021B60S",2013-01-20,10.5,12.5,7.8
"6384","USS0021B60S",2013-01-21,8.6,11.1,5.4
"6385","USS0021B60S",2013-01-22,8.8,11.5,6.2
"6386","USS0021B60S",2013-01-23,3.6,10.1,0.3
"6387","USS0021B60S",2013-01-24,1,4.1,-1.8
"6388","USS0021B60S",2013-01-25,2.6,4.2,0.3
"6389","USS0021B60S",2013-01-26,0.1,1.5,-0.5
"6390","USS0021B60S",2013-01-27,-0.6,0.3,-1.1
"6391","USS0021B60S",2013-01-28,-0.5,0.2,-1.2
"6392","USS0021B60S",2013-01-29,1.2,2.6,-0.3
"6393","USS0021B60S",2013-01-30,2.7,3.9,1.1
"6394","USS0021B60S",2013-01-31,2.7,3.3,1.5
"6395","USS0021B60S",2013-02-01,3.7,8.2,1.5
"6396","USS0021B60S",2013-02-02,8.1,12.6,3.5
"6397","USS0021B60S",2013-02-03,1.9,4.4,0.5
"6398","USS0021B60S",2013-02-04,3.1,5.9,1
"6399","USS0021B60S",2013-02-05,1.5,6,0.8
"6400","USS0021B60S",2013-02-06,1.3,3,0.5
"6401","USS0021B60S",2013-02-07,-0.1,2.8,-2.3
"6402","USS0021B60S",2013-02-08,-1.1,2,-2.9
"6403","USS0021B60S",2013-02-09,-0.1,2,-1.4
"6404","USS0021B60S",2013-02-10,-0.5,2.8,-2.5
"6405","USS0021B60S",2013-02-11,0.4,1.8,-1.8
"6406","USS0021B60S",2013-02-12,2.3,3.3,1.2
"6407","USS0021B60S",2013-02-13,1.4,2.9,0.5
"6408","USS0021B60S",2013-02-14,2.1,3.8,0.4
"6409","USS0021B60S",2013-02-15,6.4,11.3,2.4
"6410","USS0021B60S",2013-02-16,2.3,7.9,-0.4
"6411","USS0021B60S",2013-02-17,-0.7,2,-2.6
"6412","USS0021B60S",2013-02-18,-0.4,2.6,-2.3
"6413","USS0021B60S",2013-02-19,0.2,5.5,-1.8
"6414","USS0021B60S",2013-02-20,-0.5,1.6,-1.4
"6415","USS0021B60S",2013-02-21,-0.3,0.6,-1.2
"6416","USS0021B60S",2013-02-22,0,1.2,-1.9
"6417","USS0021B60S",2013-02-23,-0.9,1,-2
"6418","USS0021B60S",2013-02-24,0.3,2,-1.4
"6419","USS0021B60S",2013-02-25,-0.4,1.1,-2.3
"6420","USS0021B60S",2013-02-26,-0.4,3.6,-2.9
"6421","USS0021B60S",2013-02-27,1,3.8,-1.2
"6422","USS0021B60S",2013-02-28,3.5,5.9,1.5
"6423","USS0021B60S",2013-03-01,5.4,6.2,4.3
"6424","USS0021B60S",2013-03-02,3.2,5.6,-2
"6425","USS0021B60S",2013-03-03,-1.4,1.9,-3.6
"6426","USS0021B60S",2013-03-04,0.6,5.2,-3.2
"6427","USS0021B60S",2013-03-05,2.8,5.3,0.1
"6428","USS0021B60S",2013-03-06,1.7,5.1,-0.4
"6429","USS0021B60S",2013-03-07,0.8,4.1,-0.5
"6430","USS0021B60S",2013-03-08,2,9.5,-1.5
"6431","USS0021B60S",2013-03-09,2.3,9.1,-1.2
"6432","USS0021B60S",2013-03-10,1.8,3.4,1
"6433","USS0021B60S",2013-03-11,2.9,7.8,-0.9
"6434","USS0021B60S",2013-03-12,4.6,5.3,2.6
"6435","USS0021B60S",2013-03-13,5.5,8.4,4.1
"6436","USS0021B60S",2013-03-14,6.1,9.5,2.9
"6437","USS0021B60S",2013-03-15,4.7,6.4,3.4
"6438","USS0021B60S",2013-03-16,1.3,3.6,-1.4
"6439","USS0021B60S",2013-03-17,-1.3,0.5,-1.9
"6440","USS0021B60S",2013-03-18,-0.6,2,-1.9
"6441","USS0021B60S",2013-03-19,2.4,7.1,-1.8
"6442","USS0021B60S",2013-03-20,1.6,4.8,-2.2
"6443","USS0021B60S",2013-03-21,-2.1,0.4,-3.2
"6444","USS0021B60S",2013-03-22,-2.7,2.3,-5.1
"6445","USS0021B60S",2013-03-23,-0.8,7.8,-5.2
"6446","USS0021B60S",2013-03-24,1.5,7.8,-2.8
"6447","USS0021B60S",2013-03-25,4.4,9.4,0.3
"6448","USS0021B60S",2013-03-26,6.3,11.7,3.5
"6449","USS0021B60S",2013-03-27,6,8.9,3.8
"6450","USS0021B60S",2013-03-28,5.7,11.8,3.3
"6451","USS0021B60S",2013-03-29,6.3,10.4,3.2
"6452","USS0021B60S",2013-03-30,9,14.1,4.6
"6453","USS0021B60S",2013-03-31,10.7,14.5,7.5
"6454","USS0021B60S",2013-04-01,7.7,11.7,5
"6455","USS0021B60S",2013-04-02,4.7,5.8,3.7
"6456","USS0021B60S",2013-04-03,7.2,11.2,2.7
"6457","USS0021B60S",2013-04-04,7.7,11.2,5.2
"6458","USS0021B60S",2013-04-05,4.5,5.4,3.1
"6459","USS0021B60S",2013-04-06,2.1,4.7,1
"6460","USS0021B60S",2013-04-07,1.5,3,0.5
"6461","USS0021B60S",2013-04-08,2.4,5.7,0.5
"6462","USS0021B60S",2013-04-09,4.1,7.1,1.6
"6463","USS0021B60S",2013-04-10,3.9,6.2,1.7
"6464","USS0021B60S",2013-04-11,2,4.8,0.7
"6465","USS0021B60S",2013-04-12,1.9,6.9,-0.6
"6466","USS0021B60S",2013-04-13,-0.6,1,-2.1
"6467","USS0021B60S",2013-04-14,1.3,7.6,-1.3
"6468","USS0021B60S",2013-04-15,1.3,5.8,-1.3
"6469","USS0021B60S",2013-04-16,2.2,7.6,-1.2
"6470","USS0021B60S",2013-04-17,3.7,8.9,0.3
"6471","USS0021B60S",2013-04-18,2.6,4.4,0.9
"6472","USS0021B60S",2013-04-19,4.6,6.2,3.6
"6473","USS0021B60S",2013-04-20,3.1,5.5,1.7
"6474","USS0021B60S",2013-04-21,1.7,4.3,0.3
"6475","USS0021B60S",2013-04-22,4.7,10.9,-0.3
"6476","USS0021B60S",2013-04-23,6.2,12.2,1.4
"6477","USS0021B60S",2013-04-24,8.7,13.7,4.5
"6478","USS0021B60S",2013-04-25,9.7,14.4,5.6
"6479","USS0021B60S",2013-04-26,10,15.1,5.9
"6480","USS0021B60S",2013-04-27,5.6,8.8,3.8
"6481","USS0021B60S",2013-04-28,3.6,5.6,2
"6482","USS0021B60S",2013-04-29,1.6,4.5,-0.6
"6483","USS0021B60S",2013-04-30,1.2,5.8,-1.1
"6484","USS0021B60S",2013-05-01,6.2,12.5,-0.7
"6485","USS0021B60S",2013-05-02,10,15.4,5.3
"6486","USS0021B60S",2013-05-03,9.5,13.8,4.5
"6487","USS0021B60S",2013-05-04,13.8,17.9,9.6
"6488","USS0021B60S",2013-05-05,15.6,20.4,11.6
"6489","USS0021B60S",2013-05-06,15.8,20.5,10.1
"6490","USS0021B60S",2013-05-07,11.6,15.5,7.7
"6491","USS0021B60S",2013-05-08,10.5,15.4,7.2
"6492","USS0021B60S",2013-05-09,11.9,16.1,7.4
"6493","USS0021B60S",2013-05-10,13.9,19.2,8.5
"6494","USS0021B60S",2013-05-11,14.7,20.7,11.1
"6495","USS0021B60S",2013-05-12,10.2,13.5,7.8
"6496","USS0021B60S",2013-05-13,6.4,11.3,2.7
"6497","USS0021B60S",2013-05-14,5.7,10.9,2.4
"6498","USS0021B60S",2013-05-15,7.7,13.2,5
"6499","USS0021B60S",2013-05-16,8.4,14.1,5.1
"6500","USS0021B60S",2013-05-17,6.4,9,4.8
"6501","USS0021B60S",2013-05-18,5.3,8.1,3.9
"6502","USS0021B60S",2013-05-19,6.4,9.2,4.6
"6503","USS0021B60S",2013-05-20,9.2,14,5.3
"6504","USS0021B60S",2013-05-21,4,8.1,1.7
"6505","USS0021B60S",2013-05-22,2.9,6.5,1.1
"6506","USS0021B60S",2013-05-23,4.9,9.3,2.1
"6507","USS0021B60S",2013-05-24,5,7.6,2.1
"6508","USS0021B60S",2013-05-25,6.2,9,3.6
"6509","USS0021B60S",2013-05-26,7.3,11,5.9
"6510","USS0021B60S",2013-05-27,7.2,11.1,5.2
"6511","USS0021B60S",2013-05-28,6.2,9.7,4.9
"6512","USS0021B60S",2013-05-29,5.9,9.9,4.6
"6513","USS0021B60S",2013-05-30,4.7,8.8,3.1
"6514","USS0021B60S",2013-05-31,7.1,10.5,4.1
"6515","USS0021B60S",2013-06-01,10,14.9,6.4
"6516","USS0021B60S",2013-06-02,8.1,10.7,6.4
"6517","USS0021B60S",2013-06-03,10.9,16.3,7
"6518","USS0021B60S",2013-06-04,14.7,20.1,8.8
"6519","USS0021B60S",2013-06-05,14.8,19.7,11.8
"6520","USS0021B60S",2013-06-06,14.8,20.4,10.9
"6521","USS0021B60S",2013-06-07,10.7,14.2,7.8
"6522","USS0021B60S",2013-06-08,9.7,13.7,7.2
"6523","USS0021B60S",2013-06-09,8.8,12.8,6.3
"6524","USS0021B60S",2013-06-10,8.6,14.2,4.6
"6525","USS0021B60S",2013-06-11,6.3,9.6,4.3
"6526","USS0021B60S",2013-06-12,6.5,10.9,4.8
"6527","USS0021B60S",2013-06-13,7.1,10.4,5.3
"6528","USS0021B60S",2013-06-14,8.1,13.8,5.3
"6529","USS0021B60S",2013-06-15,15.2,21.8,7.9
"6530","USS0021B60S",2013-06-16,13.1,18.4,10.3
"6531","USS0021B60S",2013-06-17,12.3,19.3,8.3
"6532","USS0021B60S",2013-06-18,9.4,13.1,7.6
"6533","USS0021B60S",2013-06-19,7.2,9,5.9
"6534","USS0021B60S",2013-06-20,6.6,7.4,5.8
"6535","USS0021B60S",2013-06-21,8.2,10.6,6.3
"6536","USS0021B60S",2013-06-22,13.2,19.4,7.3
"6537","USS0021B60S",2013-06-23,13.6,16.9,11.2
"6538","USS0021B60S",2013-06-24,10,11.8,8
"6539","USS0021B60S",2013-06-25,10.6,14.8,8.3
"6540","USS0021B60S",2013-06-26,11,14.8,8.5
"6541","USS0021B60S",2013-06-27,13.1,16.6,10.6
"6542","USS0021B60S",2013-06-28,19.3,25.5,13.4
"6543","USS0021B60S",2013-06-29,17.8,23.2,14.7
"6544","USS0021B60S",2013-06-30,22.5,28.9,15.1
"6545","USS0021B60S",2013-07-01,22.3,27.8,17.1
"6546","USS0021B60S",2013-07-02,18,22.5,12.5
"6547","USS0021B60S",2013-07-03,15.4,20.7,11.4
"6548","USS0021B60S",2013-07-04,12,17.5,8.5
"6549","USS0021B60S",2013-07-05,10.8,12.8,9
"6550","USS0021B60S",2013-07-06,13.8,20.4,9.7
"6551","USS0021B60S",2013-07-07,14.3,19,11.3
"6552","USS0021B60S",2013-07-08,14.7,21.3,10.6
"6553","USS0021B60S",2013-07-09,17.6,24.6,12.3
"6554","USS0021B60S",2013-07-10,13.8,18.4,10.6
"6555","USS0021B60S",2013-07-11,10.1,15.7,7.2
"6556","USS0021B60S",2013-07-12,9.3,12.9,6.9
"6557","USS0021B60S",2013-07-13,12.1,18.8,7.1
"6558","USS0021B60S",2013-07-14,15,21.7,10.1
"6559","USS0021B60S",2013-07-15,15.9,22.3,10.3
"6560","USS0021B60S",2013-07-16,20,27,14.4
"6561","USS0021B60S",2013-07-17,13.1,17.1,10.4
"6562","USS0021B60S",2013-07-18,13.9,19.4,10.4
"6563","USS0021B60S",2013-07-19,16.1,21.7,11.9
"6564","USS0021B60S",2013-07-20,15.4,19.6,12
"6565","USS0021B60S",2013-07-21,15,20.1,11.1
"6566","USS0021B60S",2013-07-22,14.6,20,10.9
"6567","USS0021B60S",2013-07-23,17.5,23.7,12.2
"6568","USS0021B60S",2013-07-24,17.9,24.2,13.3
"6569","USS0021B60S",2013-07-25,17.6,23.8,12.5
"6570","USS0021B60S",2013-07-26,17.5,24.3,12.5
"6571","USS0021B60S",2013-07-27,13.5,19.4,9.3
"6572","USS0021B60S",2013-07-28,12.4,19.1,9.1
"6573","USS0021B60S",2013-07-29,12.1,16.7,9.5
"6574","USS0021B60S",2013-07-30,14.6,20.1,11.1
"6575","USS0021B60S",2013-07-31,15,20.4,12
"6576","USS0021B60S",2013-08-01,11.1,12.3,9.8
"6577","USS0021B60S",2013-08-02,9.8,10.4,8.9
"6578","USS0021B60S",2013-08-03,12.3,14.8,9.8
"6579","USS0021B60S",2013-08-04,16.2,21.8,11.1
"6580","USS0021B60S",2013-08-05,17.6,23.3,13.6
"6581","USS0021B60S",2013-08-06,18.1,23.9,13.5
"6582","USS0021B60S",2013-08-07,17.8,23.5,13.8
"6583","USS0021B60S",2013-08-08,16.6,22.1,12.9
"6584","USS0021B60S",2013-08-09,17.1,22.6,13.5
"6585","USS0021B60S",2013-08-10,15.2,18.5,13.1
"6586","USS0021B60S",2013-08-11,13,15,11.5
"6587","USS0021B60S",2013-08-12,13.5,18,11.3
"6588","USS0021B60S",2013-08-13,15.6,20.9,10.6
"6589","USS0021B60S",2013-08-14,16.9,22.3,13.2
"6590","USS0021B60S",2013-08-15,14.3,16,12.6
"6591","USS0021B60S",2013-08-16,15.8,21.3,12.2
"6592","USS0021B60S",2013-08-17,14.4,19.3,11.8
"6593","USS0021B60S",2013-08-18,14,20.4,11.1
"6594","USS0021B60S",2013-08-19,13.4,16.4,10.4
"6595","USS0021B60S",2013-08-20,12.6,17.4,9.2
"6596","USS0021B60S",2013-08-21,16.6,22.1,10.9
"6597","USS0021B60S",2013-08-22,19.2,24.2,15
"6598","USS0021B60S",2013-08-23,13.6,17.4,10.9
"6599","USS0021B60S",2013-08-24,11.9,16.5,10.3
"6600","USS0021B60S",2013-08-25,12.4,18.7,9.1
"6601","USS0021B60S",2013-08-26,12.7,20.3,9.4
"6602","USS0021B60S",2013-08-27,14.2,20.4,10.3
"6603","USS0021B60S",2013-08-28,15.2,18.6,12.6
"6604","USS0021B60S",2013-08-29,13.8,17.2,12.2
"6605","USS0021B60S",2013-08-30,12.7,17.7,10
"6606","USS0021B60S",2013-08-31,17.4,23.1,11.1
"6607","USS0021B60S",2013-09-01,16.3,20.7,12.2
"6608","USS0021B60S",2013-09-02,15.3,20.9,12.2
"6609","USS0021B60S",2013-09-03,13.9,17.8,12
"6610","USS0021B60S",2013-09-04,13.3,18.9,10.7
"6611","USS0021B60S",2013-09-05,13,17.3,11.2
"6612","USS0021B60S",2013-09-06,11.9,13.4,10.8
"6613","USS0021B60S",2013-09-07,12.2,14.3,11
"6614","USS0021B60S",2013-09-08,13.9,16.8,10.9
"6615","USS0021B60S",2013-09-09,14.9,19.7,12.2
"6616","USS0021B60S",2013-09-10,19.4,25.6,12.7
"6617","USS0021B60S",2013-09-11,22.4,27.5,17.4
"6618","USS0021B60S",2013-09-12,20.8,27,15.8
"6619","USS0021B60S",2013-09-13,15.7,19.9,13.7
"6620","USS0021B60S",2013-09-14,21.7,28,14.4
"6621","USS0021B60S",2013-09-15,17.3,23.4,11
"6622","USS0021B60S",2013-09-16,10.4,11.4,9
"6623","USS0021B60S",2013-09-17,8.1,9.2,7.4
"6624","USS0021B60S",2013-09-18,8.3,11.5,7.1
"6625","USS0021B60S",2013-09-19,13.3,18.4,7.5
"6626","USS0021B60S",2013-09-20,13.7,18,9.6
"6627","USS0021B60S",2013-09-21,10.2,15.1,8.4
"6628","USS0021B60S",2013-09-22,7.5,9,6.1
"6629","USS0021B60S",2013-09-23,6.7,7.5,5.6
"6630","USS0021B60S",2013-09-24,5.7,9.3,4.7
"6631","USS0021B60S",2013-09-25,5.8,7.7,4.8
"6632","USS0021B60S",2013-09-26,6.3,9,4
"6633","USS0021B60S",2013-09-27,6.4,7.6,5.1
"6634","USS0021B60S",2013-09-28,7.9,10.6,4.9
"6635","USS0021B60S",2013-09-29,5.5,7.3,4.1
"6636","USS0021B60S",2013-09-30,4.3,5.8,2.5
"6637","USS0021B60S",2013-10-01,3.6,5.5,1.5
"6638","USS0021B60S",2013-10-02,4.4,6.1,3.6
"6639","USS0021B60S",2013-10-03,4.5,6.1,2.6
"6640","USS0021B60S",2013-10-04,8.1,12.8,2.3
"6641","USS0021B60S",2013-10-05,12.2,17.1,8.2
"6642","USS0021B60S",2013-10-06,12.8,17.2,7.3
"6643","USS0021B60S",2013-10-07,5.7,7.2,5.1
"6644","USS0021B60S",2013-10-08,4,7.3,2
"6645","USS0021B60S",2013-10-09,5.5,9.8,2.1
"6646","USS0021B60S",2013-10-10,5.2,7,3.6
"6647","USS0021B60S",2013-10-11,5.1,7.2,3.7
"6648","USS0021B60S",2013-10-12,5,6.7,3.9
"6649","USS0021B60S",2013-10-13,4.9,7.4,3.2
"6650","USS0021B60S",2013-10-14,7.7,11.6,4.4
"6651","USS0021B60S",2013-10-15,9.3,13.7,6.9
"6652","USS0021B60S",2013-10-16,8.7,12.8,5.8
"6653","USS0021B60S",2013-10-17,9.5,13.9,7.3
"6654","USS0021B60S",2013-10-18,11.2,14.5,8.7
"6655","USS0021B60S",2013-10-19,11,15.8,9.2
"6656","USS0021B60S",2013-10-20,12.8,17,9.4
"6657","USS0021B60S",2013-10-21,15.6,18.9,13
"6658","USS0021B60S",2013-10-22,16.1,19.4,14.2
"6659","USS0021B60S",2013-10-23,15.2,17.6,13.2
"6660","USS0021B60S",2013-10-24,13.5,17,10.5
"6661","USS0021B60S",2013-10-25,9.8,13.2,6.9
"6662","USS0021B60S",2013-10-26,8.5,12.8,3.5
"6663","USS0021B60S",2013-10-27,4.8,8.6,2.7
"6664","USS0021B60S",2013-10-28,5.8,8.1,2.9
"6665","USS0021B60S",2013-10-29,4.5,8.1,2.5
"6666","USS0021B60S",2013-10-30,4.4,7.1,2.6
"6667","USS0021B60S",2013-10-31,5.3,6.7,3.2
"6668","USS0021B60S",2013-11-01,7.9,10.4,5.4
"6669","USS0021B60S",2013-11-02,3.4,7.7,0.5
"6670","USS0021B60S",2013-11-03,0.6,1.7,-0.8
"6671","USS0021B60S",2013-11-04,0.3,4.7,-2.3
"6672","USS0021B60S",2013-11-05,3.3,5.3,1.3
"6673","USS0021B60S",2013-11-06,4,7.1,1.7
"6674","USS0021B60S",2013-11-07,4.3,7.2,2.2
"6675","USS0021B60S",2013-11-08,2.7,3.7,1.6
"6676","USS0021B60S",2013-11-09,3.5,6,1.7
"6677","USS0021B60S",2013-11-10,6.3,9.4,2.6
"6678","USS0021B60S",2013-11-11,10.3,12.4,8
"6679","USS0021B60S",2013-11-12,7.9,12.2,6.1
"6680","USS0021B60S",2013-11-13,5,6.1,3.2
"6681","USS0021B60S",2013-11-14,2.9,4.1,0.6
"6682","USS0021B60S",2013-11-15,1.2,2.7,0.5
"6683","USS0021B60S",2013-11-16,0.3,0.7,-0.1
"6684","USS0021B60S",2013-11-17,2.1,3.9,0
"6685","USS0021B60S",2013-11-18,4.4,6.3,3.2
"6686","USS0021B60S",2013-11-19,1.3,6.6,-2.5
"6687","USS0021B60S",2013-11-20,-3.4,-1.7,-5.2
"6688","USS0021B60S",2013-11-21,-0.8,2.4,-3.7
"6689","USS0021B60S",2013-11-22,5.9,9.1,0.9
"6690","USS0021B60S",2013-11-23,10.2,12.4,7.7
"6691","USS0021B60S",2013-11-24,9.8,11.9,7.1
"6692","USS0021B60S",2013-11-25,8.1,9.6,6.4
"6693","USS0021B60S",2013-11-26,7.5,9.5,6
"6694","USS0021B60S",2013-11-27,9.1,11.6,7.2
"6695","USS0021B60S",2013-11-28,7.9,9.6,5.7
"6696","USS0021B60S",2013-11-29,4.5,7,3
"6697","USS0021B60S",2013-11-30,3.7,5.4,2
"6698","USS0021B60S",2013-12-01,4.7,6.4,0.1
"6699","USS0021B60S",2013-12-02,-2.2,0.2,-3.1
"6700","USS0021B60S",2013-12-03,-4.5,-2.6,-6.1
"6701","USS0021B60S",2013-12-04,-6.1,-4.1,-7.3
"6702","USS0021B60S",2013-12-05,-7.1,-4.6,-10.3
"6703","USS0021B60S",2013-12-06,-10.3,-9.1,-11.5
"6704","USS0021B60S",2013-12-07,-11,-9,-13.6
"6705","USS0021B60S",2013-12-08,-8.7,-5.5,-11.5
"6706","USS0021B60S",2013-12-09,-5.1,-3.4,-8.5
"6707","USS0021B60S",2013-12-10,-2.2,-1,-3.4
"6708","USS0021B60S",2013-12-11,1.9,5.2,-3.1
"6709","USS0021B60S",2013-12-12,3.3,5.6,0.9
"6710","USS0021B60S",2013-12-13,3,3.8,2.1
"6711","USS0021B60S",2013-12-14,3.8,5.3,2.8
"6712","USS0021B60S",2013-12-15,4.3,5.1,2.1
"6713","USS0021B60S",2013-12-16,4,8.6,1.3
"6714","USS0021B60S",2013-12-17,5.5,8.9,2.3
"6715","USS0021B60S",2013-12-18,-0.5,2.4,-3.2
"6716","USS0021B60S",2013-12-19,-3.6,-1.6,-4.9
"6717","USS0021B60S",2013-12-20,-1.1,2.6,-4.5
"6718","USS0021B60S",2013-12-21,1.7,2.7,1.2
"6719","USS0021B60S",2013-12-22,3.1,4.3,1.2
"6720","USS0021B60S",2013-12-23,2.8,4.7,0.6
"6721","USS0021B60S",2013-12-24,0.3,2.4,-1.5
"6722","USS0021B60S",2013-12-25,4.9,7.5,0.1
"6723","USS0021B60S",2013-12-26,6.5,8.6,5
"6724","USS0021B60S",2013-12-27,4.7,8.2,1.5
"6725","USS0021B60S",2013-12-28,1.3,3.4,-0.1
"6726","USS0021B60S",2013-12-29,2.8,4.6,0.2
"6727","USS0021B60S",2013-12-30,5.5,8.8,1.8
"6728","USS0021B60S",2013-12-31,1.7,3.4,0.8
"6729","USS0021B60S",2014-01-01,5.2,8.7,0.6
"6730","USS0021B60S",2014-01-02,4.7,8.6,0.8
"6731","USS0021B60S",2014-01-03,-1,0.8,-2.9
"6732","USS0021B60S",2014-01-04,-1.1,2,-3.7
"6733","USS0021B60S",2014-01-05,4.7,8.7,0.2
"6734","USS0021B60S",2014-01-06,7.4,10.5,3.5
"6735","USS0021B60S",2014-01-07,3.3,5,1.6
"6736","USS0021B60S",2014-01-08,3,3.8,1.7
"6737","USS0021B60S",2014-01-09,0.9,2.6,-0.3
"6738","USS0021B60S",2014-01-10,2.4,6.2,1.4
"6739","USS0021B60S",2014-01-11,2.3,7.2,0.5
"6740","USS0021B60S",2014-01-12,1.6,3.7,-0.1
"6741","USS0021B60S",2014-01-13,3.7,4.4,2.9
"6742","USS0021B60S",2014-01-14,3.5,4.8,1.6
"6743","USS0021B60S",2014-01-15,4.5,9.1,1.5
"6744","USS0021B60S",2014-01-16,9.1,11.1,6.8
"6745","USS0021B60S",2014-01-17,12.1,15.4,8.2
"6746","USS0021B60S",2014-01-18,8.4,15.2,5
"6747","USS0021B60S",2014-01-19,5.5,7.4,3.2
"6748","USS0021B60S",2014-01-20,8.6,10.9,5.5
"6749","USS0021B60S",2014-01-21,8.2,10.9,1.2
"6750","USS0021B60S",2014-01-22,2.6,6.9,1.1
"6751","USS0021B60S",2014-01-23,7.5,11,4.4
"6752","USS0021B60S",2014-01-24,12.8,15.1,9.3
"6753","USS0021B60S",2014-01-25,8.7,14.1,6.1
"6754","USS0021B60S",2014-01-26,7.9,10.9,6.1
"6755","USS0021B60S",2014-01-27,7.8,9.1,6.5
"6756","USS0021B60S",2014-01-28,5.8,7.4,4.6
"6757","USS0021B60S",2014-01-29,3.2,5.3,1.3
"6758","USS0021B60S",2014-01-30,0.2,1.3,-0.4
"6759","USS0021B60S",2014-01-31,-0.1,1.1,-1.3
"6760","USS0021B60S",2014-02-01,-0.8,1.5,-2.5
"6761","USS0021B60S",2014-02-02,-2.7,1.2,-4
"6762","USS0021B60S",2014-02-03,-4.4,-0.5,-7.2
"6763","USS0021B60S",2014-02-04,-7.2,-4.4,-10.2
"6764","USS0021B60S",2014-02-05,-12.4,-8.8,-14.9
"6765","USS0021B60S",2014-02-06,-10.3,-8.1,-13.3
"6766","USS0021B60S",2014-02-07,-6.3,-2.6,-9.8
"6767","USS0021B60S",2014-02-08,-3.8,-1.3,-6.2
"6768","USS0021B60S",2014-02-09,-1.2,1.9,-4
"6769","USS0021B60S",2014-02-10,2.3,3.4,1.1
"6770","USS0021B60S",2014-02-11,2.5,5.2,1.2
"6771","USS0021B60S",2014-02-12,3.3,5.7,1.3
"6772","USS0021B60S",2014-02-13,2.2,3.7,1.3
"6773","USS0021B60S",2014-02-14,2.4,3.9,0.7
"6774","USS0021B60S",2014-02-15,2.2,5,-0.1
"6775","USS0021B60S",2014-02-16,-0.6,1.2,-1.7
"6776","USS0021B60S",2014-02-17,0.1,0.7,-0.2
"6777","USS0021B60S",2014-02-18,0.3,1.2,-1.3
"6778","USS0021B60S",2014-02-19,-1.1,0,-1.6
"6779","USS0021B60S",2014-02-20,0.4,1,-1.4
"6780","USS0021B60S",2014-02-21,-1.3,1,-3.8
"6781","USS0021B60S",2014-02-22,-2.1,0.8,-4.2
"6782","USS0021B60S",2014-02-23,0.2,1.4,-1.2
"6783","USS0021B60S",2014-02-24,2.7,4.3,1.1
"6784","USS0021B60S",2014-02-25,4.5,8,2.4
"6785","USS0021B60S",2014-02-26,7,10,4.6
"6786","USS0021B60S",2014-02-27,5.3,7.4,2.9
"6787","USS0021B60S",2014-02-28,4.7,10,1.1
"6788","USS0021B60S",2014-03-01,0.9,2.8,-1.2
"6789","USS0021B60S",2014-03-02,2.1,3.7,1.2
"6790","USS0021B60S",2014-03-03,3,4.6,1.3
"6791","USS0021B60S",2014-03-04,3.4,5.7,1.5
"6792","USS0021B60S",2014-03-05,5.9,8.8,3.8
"6793","USS0021B60S",2014-03-06,4,5.7,3.1
"6794","USS0021B60S",2014-03-07,3.9,7.1,2.2
"6795","USS0021B60S",2014-03-08,7.2,8.5,5.3
"6796","USS0021B60S",2014-03-09,4.7,7,2.8
"6797","USS0021B60S",2014-03-10,1.8,3.5,0.7
"6798","USS0021B60S",2014-03-11,3.3,8.5,-0.6
"6799","USS0021B60S",2014-03-12,6.3,11.3,3.8
"6800","USS0021B60S",2014-03-13,5.1,9.4,2.3
"6801","USS0021B60S",2014-03-14,3.3,5,1.4
"6802","USS0021B60S",2014-03-15,5.6,8.4,1.5
"6803","USS0021B60S",2014-03-16,1.8,5.8,-0.2
"6804","USS0021B60S",2014-03-17,-0.4,3.8,-1.5
"6805","USS0021B60S",2014-03-18,1.7,4.5,-1
"6806","USS0021B60S",2014-03-19,0.6,2.6,-3
"6807","USS0021B60S",2014-03-20,-0.9,4.3,-2.6
"6808","USS0021B60S",2014-03-21,-0.1,6.3,-3.4
"6809","USS0021B60S",2014-03-22,2.4,7.7,-1.7
"6810","USS0021B60S",2014-03-23,3.1,9.2,-0.8
"6811","USS0021B60S",2014-03-24,8.6,13.4,3.5
"6812","USS0021B60S",2014-03-25,5.2,8.7,1.3
"6813","USS0021B60S",2014-03-26,2.9,6.7,1.2
"6814","USS0021B60S",2014-03-27,2.3,4.5,1.2
"6815","USS0021B60S",2014-03-28,3.4,5.5,1.7
"6816","USS0021B60S",2014-03-29,2.2,3.4,0.9
"6817","USS0021B60S",2014-03-30,1.5,4.5,0.3
"6818","USS0021B60S",2014-03-31,4.8,9.7,0.4
"6819","USS0021B60S",2014-04-01,5.3,10.2,2.6
"6820","USS0021B60S",2014-04-02,3.7,8.9,1.5
"6821","USS0021B60S",2014-04-03,4.3,10,1.3
"6822","USS0021B60S",2014-04-04,2.1,5.9,0.9
"6823","USS0021B60S",2014-04-05,3,4.5,1.3
"6824","USS0021B60S",2014-04-06,4.4,6.6,2.6
"6825","USS0021B60S",2014-04-07,9.5,15.3,4.8
"6826","USS0021B60S",2014-04-08,6,8.5,1.2
"6827","USS0021B60S",2014-04-09,2.9,8.2,-0.2
"6828","USS0021B60S",2014-04-10,4.6,9.9,0.9
"6829","USS0021B60S",2014-04-11,4.2,7.7,1.9
"6830","USS0021B60S",2014-04-12,5.5,11.8,1.4
"6831","USS0021B60S",2014-04-13,8.9,13.5,5.1
"6832","USS0021B60S",2014-04-14,9,14.7,2.7
"6833","USS0021B60S",2014-04-15,3.3,7.2,0.9
"6834","USS0021B60S",2014-04-16,3.5,4.9,1.8
"6835","USS0021B60S",2014-04-17,3.8,5.4,0.7
"6836","USS0021B60S",2014-04-18,2.5,7.8,0.5
"6837","USS0021B60S",2014-04-19,4.5,10,1.5
"6838","USS0021B60S",2014-04-20,4.8,10.1,1.4
"6839","USS0021B60S",2014-04-21,7,13.7,3.4
"6840","USS0021B60S",2014-04-22,1.7,6.9,0.4
"6841","USS0021B60S",2014-04-23,2.8,6,0.5
"6842","USS0021B60S",2014-04-24,3.5,5.4,1.5
"6843","USS0021B60S",2014-04-25,3.1,7.2,1.1
"6844","USS0021B60S",2014-04-26,3.1,8.1,0.5
"6845","USS0021B60S",2014-04-27,1.5,2.7,0.7
"6846","USS0021B60S",2014-04-28,4.4,10,0.7
"6847","USS0021B60S",2014-04-29,10.9,16,6.4
"6848","USS0021B60S",2014-04-30,14.7,19.7,8.8
"6849","USS0021B60S",2014-05-01,16.9,22.7,12.2
"6850","USS0021B60S",2014-05-02,11.7,16.7,5.7
"6851","USS0021B60S",2014-05-03,5.1,8.2,3.7
"6852","USS0021B60S",2014-05-04,4.4,6.3,2.5
"6853","USS0021B60S",2014-05-05,4.2,6.2,1.4
"6854","USS0021B60S",2014-05-06,5.5,10.1,3.4
"6855","USS0021B60S",2014-05-07,7.3,11.9,3.4
"6856","USS0021B60S",2014-05-08,6.6,10.9,4.2
"6857","USS0021B60S",2014-05-09,3.3,5.8,1.4
"6858","USS0021B60S",2014-05-10,3.7,5.8,1.4
"6859","USS0021B60S",2014-05-11,7.5,13.5,3.2
"6860","USS0021B60S",2014-05-12,12.2,16.7,7.5
"6861","USS0021B60S",2014-05-13,14.9,20.2,10.4
"6862","USS0021B60S",2014-05-14,17.1,21.8,12
"6863","USS0021B60S",2014-05-15,17.5,23.6,10.9
"6864","USS0021B60S",2014-05-16,9.8,14.4,6.3
"6865","USS0021B60S",2014-05-17,7.4,11.8,5.8
"6866","USS0021B60S",2014-05-18,7,10.5,5.5
"6867","USS0021B60S",2014-05-19,7.8,12.2,5.3
"6868","USS0021B60S",2014-05-20,10,14.3,6.5
"6869","USS0021B60S",2014-05-21,9.6,15,5.8
"6870","USS0021B60S",2014-05-22,13.8,20.2,7.9
"6871","USS0021B60S",2014-05-23,10.5,13.5,7.5
"6872","USS0021B60S",2014-05-24,8.1,11,6.4
"6873","USS0021B60S",2014-05-25,7.7,10.9,6.4
"6874","USS0021B60S",2014-05-26,6.9,10.5,5.5
"6875","USS0021B60S",2014-05-27,7.1,11.4,4.4
"6876","USS0021B60S",2014-05-28,5.7,9,4.3
"6877","USS0021B60S",2014-05-29,6.2,9.8,4.5
"6878","USS0021B60S",2014-05-30,10.4,17.1,4.5
"6879","USS0021B60S",2014-05-31,11.4,16.9,7.3
"6880","USS0021B60S",2014-06-01,10.7,16.9,6.7
"6881","USS0021B60S",2014-06-02,12.9,18.1,8.6
"6882","USS0021B60S",2014-06-03,8.8,12.2,7.2
"6883","USS0021B60S",2014-06-04,10,13.9,7.1
"6884","USS0021B60S",2014-06-05,10.4,16.1,6.5
"6885","USS0021B60S",2014-06-06,12.2,18.2,7
"6886","USS0021B60S",2014-06-07,12,18.4,8.3
"6887","USS0021B60S",2014-06-08,12.7,17.9,8.5
"6888","USS0021B60S",2014-06-09,10.1,15.9,7.2
"6889","USS0021B60S",2014-06-10,8.1,11.2,5.8
"6890","USS0021B60S",2014-06-11,12.4,19.1,6.1
"6891","USS0021B60S",2014-06-12,9.1,12,6
"6892","USS0021B60S",2014-06-13,6.5,7.9,5.4
"6893","USS0021B60S",2014-06-14,6.5,9.5,4.9
"6894","USS0021B60S",2014-06-15,6.3,10.2,3.6
"6895","USS0021B60S",2014-06-16,5.5,8.5,3.6
"6896","USS0021B60S",2014-06-17,6.8,8.3,5.3
"6897","USS0021B60S",2014-06-18,8,11.2,6.2
"6898","USS0021B60S",2014-06-19,11.9,18.2,7.3
"6899","USS0021B60S",2014-06-20,8.1,11.2,5.5
"6900","USS0021B60S",2014-06-21,10.7,17.2,4.8
"6901","USS0021B60S",2014-06-22,14,20.2,8.5
"6902","USS0021B60S",2014-06-23,14.8,21.2,9.4
"6903","USS0021B60S",2014-06-24,11.2,16.6,8.6
"6904","USS0021B60S",2014-06-25,14.5,20.1,9.7
"6905","USS0021B60S",2014-06-26,11.5,13,8.1
"6906","USS0021B60S",2014-06-27,9.4,12,8
"6907","USS0021B60S",2014-06-28,9.2,10.7,8
"6908","USS0021B60S",2014-06-29,8.7,10.6,7.2
"6909","USS0021B60S",2014-06-30,14.4,20.7,7.1
"6910","USS0021B60S",2014-07-01,21.8,28.3,15.1
"6911","USS0021B60S",2014-07-02,17,22.6,11.1
"6912","USS0021B60S",2014-07-03,10.6,15.4,9.2
"6913","USS0021B60S",2014-07-04,12.3,18.3,9.1
"6914","USS0021B60S",2014-07-05,14.7,21.3,10.1
"6915","USS0021B60S",2014-07-06,16.5,22.4,13
"6916","USS0021B60S",2014-07-07,17.2,21.9,13.5
"6917","USS0021B60S",2014-07-08,17.6,23.7,12.9
"6918","USS0021B60S",2014-07-09,16.3,22.4,12.2
"6919","USS0021B60S",2014-07-10,16.4,22.7,10.9
"6920","USS0021B60S",2014-07-11,19.1,25.7,13.6
"6921","USS0021B60S",2014-07-12,20.7,26.9,15.5
"6922","USS0021B60S",2014-07-13,21.3,26.7,16.5
"6923","USS0021B60S",2014-07-14,19,23.9,15.3
"6924","USS0021B60S",2014-07-15,20.2,26.4,15.8
"6925","USS0021B60S",2014-07-16,20.1,25.9,15.5
"6926","USS0021B60S",2014-07-17,14.9,20,11
"6927","USS0021B60S",2014-07-18,14.4,20.3,10.6
"6928","USS0021B60S",2014-07-19,13.7,16.4,10.8
"6929","USS0021B60S",2014-07-20,9.8,11.8,8.8
"6930","USS0021B60S",2014-07-21,11.7,17.7,7.9
"6931","USS0021B60S",2014-07-22,13.2,15.9,11.1
"6932","USS0021B60S",2014-07-23,10.6,14.7,7.3
"6933","USS0021B60S",2014-07-24,8.6,10,7.1
"6934","USS0021B60S",2014-07-25,11.9,18,7.9
"6935","USS0021B60S",2014-07-26,14.5,20.7,9.7
"6936","USS0021B60S",2014-07-27,16.8,23.2,11.8
"6937","USS0021B60S",2014-07-28,18.7,24.1,14.4
"6938","USS0021B60S",2014-07-29,18.1,23.8,13.8
"6939","USS0021B60S",2014-07-30,17.5,23.2,13.2
"6940","USS0021B60S",2014-07-31,18.5,24,13.5
"6941","USS0021B60S",2014-08-01,18.7,24,15.1
"6942","USS0021B60S",2014-08-02,18.2,24.4,14.9
"6943","USS0021B60S",2014-08-03,19.3,26,14.4
"6944","USS0021B60S",2014-08-04,20.2,26,15.8
"6945","USS0021B60S",2014-08-05,16.6,22,12.4
"6946","USS0021B60S",2014-08-06,14.7,20.4,12
"6947","USS0021B60S",2014-08-07,14,18.6,11.2
"6948","USS0021B60S",2014-08-08,12.6,17.5,9.3
"6949","USS0021B60S",2014-08-09,14.4,20.9,9.5
"6950","USS0021B60S",2014-08-10,19,25.3,12.7
"6951","USS0021B60S",2014-08-11,25.2,31.8,20.8
"6952","USS0021B60S",2014-08-12,19.2,24.6,14
"6953","USS0021B60S",2014-08-13,13.1,14.8,12
"6954","USS0021B60S",2014-08-14,12.7,14,11.8
"6955","USS0021B60S",2014-08-15,12.8,14,11.6
"6956","USS0021B60S",2014-08-16,14.2,16.9,12.2
"6957","USS0021B60S",2014-08-17,15.1,17.7,12.8
"6958","USS0021B60S",2014-08-18,17.5,22.7,13.5
"6959","USS0021B60S",2014-08-19,16.1,21.5,12.1
"6960","USS0021B60S",2014-08-20,11.2,14.8,8.4
"6961","USS0021B60S",2014-08-21,11.2,16.3,8.5
"6962","USS0021B60S",2014-08-22,11.9,18,8.8
"6963","USS0021B60S",2014-08-23,14.9,20.4,11
"6964","USS0021B60S",2014-08-24,15.2,21.7,12.4
"6965","USS0021B60S",2014-08-25,16.3,22.1,12.4
"6966","USS0021B60S",2014-08-26,18.1,23.8,14
"6967","USS0021B60S",2014-08-27,17.8,23.8,13.9
"6968","USS0021B60S",2014-08-28,13.7,16.9,11
"6969","USS0021B60S",2014-08-29,12,13.9,10.2
"6970","USS0021B60S",2014-08-30,10.3,11.7,8.1
"6971","USS0021B60S",2014-08-31,9.6,12.7,7.7
"6972","USS0021B60S",2014-09-01,11.6,16.2,7.7
"6973","USS0021B60S",2014-09-02,9.7,13.3,5.3
"6974","USS0021B60S",2014-09-03,8.7,11.4,7.3
"6975","USS0021B60S",2014-09-04,12.8,17.9,7.7
"6976","USS0021B60S",2014-09-05,16.7,21.7,12.8
"6977","USS0021B60S",2014-09-06,19.1,24.7,14.5
"6978","USS0021B60S",2014-09-07,17.5,22.3,13.5
"6979","USS0021B60S",2014-09-08,11.9,14.6,10.2
"6980","USS0021B60S",2014-09-09,10,12,8.5
"6981","USS0021B60S",2014-09-10,10.8,14.6,8.8
"6982","USS0021B60S",2014-09-11,10.6,15.3,7.6
"6983","USS0021B60S",2014-09-12,12.9,18.9,7.8
"6984","USS0021B60S",2014-09-13,15.4,20.4,11.4
"6985","USS0021B60S",2014-09-14,17.4,22.6,13.1
"6986","USS0021B60S",2014-09-15,19.5,24.9,15.6
"6987","USS0021B60S",2014-09-16,15.3,20,11.4
"6988","USS0021B60S",2014-09-17,14.7,20,11.8
"6989","USS0021B60S",2014-09-18,11.1,12.3,10.5
"6990","USS0021B60S",2014-09-19,12.4,16.7,10.3
"6991","USS0021B60S",2014-09-20,17.3,22.9,10.9
"6992","USS0021B60S",2014-09-21,18.9,25.5,12.4
"6993","USS0021B60S",2014-09-22,12.8,16,11
"6994","USS0021B60S",2014-09-23,13.3,17.1,11.5
"6995","USS0021B60S",2014-09-24,10.9,13.3,9.2
"6996","USS0021B60S",2014-09-25,9.8,13.3,8.8
"6997","USS0021B60S",2014-09-26,9.6,10.9,8.5
"6998","USS0021B60S",2014-09-27,10.7,13.8,8.2
"6999","USS0021B60S",2014-09-28,13.1,17.4,9.8
"7000","USS0021B60S",2014-09-29,9.5,11.9,6.8
"7001","USS0021B60S",2014-09-30,7.4,8.8,6.7
"7002","USS0021B60S",2014-10-01,7.8,10.4,6.2
"7003","USS0021B60S",2014-10-02,8.6,12.8,4.9
"7004","USS0021B60S",2014-10-03,14.4,19.3,9.8
"7005","USS0021B60S",2014-10-04,14.7,19,12.4
"7006","USS0021B60S",2014-10-05,14.1,18.7,11.4
"7007","USS0021B60S",2014-10-06,14.9,19.7,12.3
"7008","USS0021B60S",2014-10-07,14.3,18.6,10.7
"7009","USS0021B60S",2014-10-08,12,14.9,10
"7010","USS0021B60S",2014-10-09,13.5,18.4,10.2
"7011","USS0021B60S",2014-10-10,12,16.6,8.3
"7012","USS0021B60S",2014-10-11,8.3,9.8,7.1
"7013","USS0021B60S",2014-10-12,8.7,11.2,7.2
"7014","USS0021B60S",2014-10-13,12.1,16.8,7.2
"7015","USS0021B60S",2014-10-14,8.2,11,6.1
"7016","USS0021B60S",2014-10-15,6.8,9,5.7
"7017","USS0021B60S",2014-10-16,8.3,11.6,5.3
"7018","USS0021B60S",2014-10-17,9.4,11.3,8.1
"7019","USS0021B60S",2014-10-18,10.9,12.7,10
"7020","USS0021B60S",2014-10-19,12.9,17.5,10.9
"7021","USS0021B60S",2014-10-20,8.8,12.3,6.7
"7022","USS0021B60S",2014-10-21,7.2,8.8,6.4
"7023","USS0021B60S",2014-10-22,7.7,8.8,5.9
"7024","USS0021B60S",2014-10-23,5.1,6.5,3.7
"7025","USS0021B60S",2014-10-24,6.4,9.1,3.8
"7026","USS0021B60S",2014-10-25,8.2,10.9,4.7
"7027","USS0021B60S",2014-10-26,3.6,4.7,1.8
"7028","USS0021B60S",2014-10-27,5.1,8.1,2.6
"7029","USS0021B60S",2014-10-28,7.4,8.4,4.9
"7030","USS0021B60S",2014-10-29,7.9,10,6.7
"7031","USS0021B60S",2014-10-30,9.3,10.9,7.1
"7032","USS0021B60S",2014-10-31,5.8,8.2,4.3
"7033","USS0021B60S",2014-11-01,3.8,5.4,2.2
"7034","USS0021B60S",2014-11-02,5,6.7,3.4
"7035","USS0021B60S",2014-11-03,7.2,7.7,6.6
"7036","USS0021B60S",2014-11-04,7.1,8.4,5.6
"7037","USS0021B60S",2014-11-05,8.7,11.6,5.9
"7038","USS0021B60S",2014-11-06,8.3,12.6,4.5
"7039","USS0021B60S",2014-11-07,4.4,6.4,2.9
"7040","USS0021B60S",2014-11-08,7.5,11.7,4.3
"7041","USS0021B60S",2014-11-09,4,7.7,1.8
"7042","USS0021B60S",2014-11-10,2.1,5.4,0.7
"7043","USS0021B60S",2014-11-11,-1.6,2.1,-4.3
"7044","USS0021B60S",2014-11-12,-2.8,-0.6,-5.1
"7045","USS0021B60S",2014-11-13,-2.5,-0.5,-4.3
"7046","USS0021B60S",2014-11-14,-2.6,0.3,-4.2
"7047","USS0021B60S",2014-11-15,-1.4,0.5,-3.3
"7048","USS0021B60S",2014-11-16,5.2,8.1,0
"7049","USS0021B60S",2014-11-17,8.2,10.4,5.7
"7050","USS0021B60S",2014-11-18,9.5,11.8,7.6
"7051","USS0021B60S",2014-11-19,9.9,12.8,7.4
"7052","USS0021B60S",2014-11-20,4.9,7.9,3.7
"7053","USS0021B60S",2014-11-21,4.7,5.8,2.6
"7054","USS0021B60S",2014-11-22,1.7,2.8,1
"7055","USS0021B60S",2014-11-23,2.2,3.4,1.3
"7056","USS0021B60S",2014-11-24,3.2,7.1,1.4
"7057","USS0021B60S",2014-11-25,6.9,8.6,5
"7058","USS0021B60S",2014-11-26,7.9,8.9,7.3
"7059","USS0021B60S",2014-11-27,7,7.6,5.9
"7060","USS0021B60S",2014-11-28,3.3,6.8,-2
"7061","USS0021B60S",2014-11-29,-5.2,-1.4,-8.6
"7062","USS0021B60S",2014-11-30,-3.7,-1,-7.4
"7063","USS0021B60S",2014-12-01,-1.3,1.3,-3.2
"7064","USS0021B60S",2014-12-02,0.8,4,-2.3
"7065","USS0021B60S",2014-12-03,4.4,6.7,0.8
"7066","USS0021B60S",2014-12-04,5.7,7,4.3
"7067","USS0021B60S",2014-12-05,7.2,9.3,5.6
"7068","USS0021B60S",2014-12-06,4.9,8.2,3.6
"7069","USS0021B60S",2014-12-07,7.5,10,4.3
"7070","USS0021B60S",2014-12-08,8.1,9.9,6.3
"7071","USS0021B60S",2014-12-09,8.1,10.6,6.5
"7072","USS0021B60S",2014-12-10,7.8,11.4,4.4
"7073","USS0021B60S",2014-12-11,6.4,9.5,3.7
"7074","USS0021B60S",2014-12-12,3.4,4.7,1.3
"7075","USS0021B60S",2014-12-13,2.1,3.4,0.9
"7076","USS0021B60S",2014-12-14,2.9,5.2,1.1
"7077","USS0021B60S",2014-12-15,3.7,5.5,2.1
"7078","USS0021B60S",2014-12-16,3,4.2,1.5
"7079","USS0021B60S",2014-12-17,3.4,4.6,2.2
"7080","USS0021B60S",2014-12-18,3.6,5.2,2.4
"7081","USS0021B60S",2014-12-19,2.5,3.5,1.9
"7082","USS0021B60S",2014-12-20,4.6,7.7,1.7
"7083","USS0021B60S",2014-12-21,4.5,6.5,3.2
"7084","USS0021B60S",2014-12-22,2.6,4.9,1
"7085","USS0021B60S",2014-12-23,4.4,6.9,0.6
"7086","USS0021B60S",2014-12-24,0.3,1.1,-0.3
"7087","USS0021B60S",2014-12-25,-0.1,1.7,-0.8
"7088","USS0021B60S",2014-12-26,0.3,3,-1.4
"7089","USS0021B60S",2014-12-27,1.1,2.3,0.2
"7090","USS0021B60S",2014-12-28,-0.6,0.9,-2.2
"7091","USS0021B60S",2014-12-29,-2.9,-1.1,-6.3
"7092","USS0021B60S",2014-12-30,-5.6,-2.9,-8.5
"7093","USS0021B60S",2014-12-31,-1.8,1.9,-5
"7094","USS0021B60S",2015-01-01,2.1,4.6,-0.3
"7095","USS0021B60S",2015-01-02,1.3,4.2,-0.6
"7096","USS0021B60S",2015-01-03,-0.5,1.5,-1.9
"7097","USS0021B60S",2015-01-04,2.2,6.1,-0.6
"7098","USS0021B60S",2015-01-05,6.3,7.1,5.2
"7099","USS0021B60S",2015-01-06,9.3,13.8,4.8
"7100","USS0021B60S",2015-01-07,11,13.4,9.1
"7101","USS0021B60S",2015-01-08,10,12.5,6.5
"7102","USS0021B60S",2015-01-09,8,10.4,5.2
"7103","USS0021B60S",2015-01-10,3.9,6,3.1
"7104","USS0021B60S",2015-01-11,3.6,5.9,2.6
"7105","USS0021B60S",2015-01-12,3.2,6.2,1.9
"7106","USS0021B60S",2015-01-13,4.7,8,1.6
"7107","USS0021B60S",2015-01-14,7.6,10.3,5.3
"7108","USS0021B60S",2015-01-15,5.2,7.5,2.7
"7109","USS0021B60S",2015-01-16,2.4,3.9,0.9
"7110","USS0021B60S",2015-01-17,5.7,7.4,2.6
"7111","USS0021B60S",2015-01-18,3.5,7.6,1.6
"7112","USS0021B60S",2015-01-19,1.8,2.4,1.2
"7113","USS0021B60S",2015-01-20,2,4.2,0.5
"7114","USS0021B60S",2015-01-21,5.7,8,2
"7115","USS0021B60S",2015-01-22,5.4,7.1,4.1
"7116","USS0021B60S",2015-01-23,7.7,9.1,5.8
"7117","USS0021B60S",2015-01-24,8.6,9.5,7.5
"7118","USS0021B60S",2015-01-25,11.6,16.5,6.8
"7119","USS0021B60S",2015-01-26,11.7,17.4,6.9
"7120","USS0021B60S",2015-01-27,5.9,10.5,3.8
"7121","USS0021B60S",2015-01-28,4.1,6.8,2.1
"7122","USS0021B60S",2015-01-29,7.6,9.6,5.3
"7123","USS0021B60S",2015-01-30,7.3,10.3,4.9
"7124","USS0021B60S",2015-01-31,7.2,10.3,4.8
"7125","USS0021B60S",2015-02-01,4.8,7.1,2.5
"7126","USS0021B60S",2015-02-02,3.7,6.1,1.3
"7127","USS0021B60S",2015-02-03,3.2,4.4,2.3
"7128","USS0021B60S",2015-02-04,5.1,7,2.7
"7129","USS0021B60S",2015-02-05,7.2,9,5
"7130","USS0021B60S",2015-02-06,7.1,8.4,5.6
"7131","USS0021B60S",2015-02-07,5.7,8,4.3
"7132","USS0021B60S",2015-02-08,NA,NA,NA
"7133","USS0021B60S",2015-02-09,6.6,9.2,5.6
"7134","USS0021B60S",2015-02-10,5.2,7.7,3.8
"7135","USS0021B60S",2015-02-11,9,11.6,5.9
"7136","USS0021B60S",2015-02-12,9.6,11.9,6.7
"7137","USS0021B60S",2015-02-13,10.7,14.9,6.2
"7138","USS0021B60S",2015-02-14,5.3,7.4,2.9
"7139","USS0021B60S",2015-02-15,5.5,9.4,2.2
"7140","USS0021B60S",2015-02-16,5.5,9.2,3.4
"7141","USS0021B60S",2015-02-17,6.9,10.2,3.4
"7142","USS0021B60S",2015-02-18,5.8,9.9,3.4
"7143","USS0021B60S",2015-02-19,3.7,4.4,3.3
"7144","USS0021B60S",2015-02-20,3.1,4.6,0.9
"7145","USS0021B60S",2015-02-21,2.6,5.8,0.1
"7146","USS0021B60S",2015-02-22,2.5,6.6,-0.1
"7147","USS0021B60S",2015-02-23,5.2,9.1,1.6
"7148","USS0021B60S",2015-02-24,4.4,7.8,1.8
"7149","USS0021B60S",2015-02-25,2.5,4.3,2
"7150","USS0021B60S",2015-02-26,3.5,6.8,2
"7151","USS0021B60S",2015-02-27,3.4,5.4,2
"7152","USS0021B60S",2015-02-28,3,6.8,0.3
"7153","USS0021B60S",2015-03-01,3.2,6.5,1.1
"7154","USS0021B60S",2015-03-02,NA,NA,NA
"7155","USS0021B60S",2015-03-03,NA,NA,NA
"7156","USS0021B60S",2015-03-04,NA,NA,NA
"7157","USS0021B60S",2015-03-05,NA,NA,NA
"7158","USS0021B60S",2015-03-06,NA,NA,NA
"7159","USS0021B60S",2015-03-07,NA,NA,NA
"7160","USS0021B60S",2015-03-08,NA,NA,NA
"7161","USS0021B60S",2015-03-09,NA,NA,NA
"7162","USS0021B60S",2015-03-10,NA,NA,NA
"7163","USS0021B60S",2015-03-11,NA,NA,NA
"7164","USS0021B60S",2015-03-12,NA,NA,NA
"7165","USS0021B60S",2015-03-13,NA,NA,NA
"7166","USS0021B60S",2015-03-14,NA,NA,NA
"7167","USS0021B60S",2015-03-15,NA,NA,NA
"7168","USS0021B60S",2015-03-16,NA,NA,NA
"7169","USS0021B60S",2015-03-17,NA,NA,NA
"7170","USS0021B60S",2015-03-18,NA,NA,NA
"7171","USS0021B60S",2015-03-19,NA,NA,NA
"7172","USS0021B60S",2015-03-20,NA,NA,NA
"7173","USS0021B60S",2015-03-21,NA,NA,NA
"7174","USS0021B60S",2015-03-22,NA,NA,NA
"7175","USS0021B60S",2015-03-23,NA,NA,NA
"7176","USS0021B60S",2015-03-24,NA,NA,NA
"7177","USS0021B60S",2015-03-25,NA,NA,NA
"7178","USS0021B60S",2015-03-26,NA,NA,NA
"7179","USS0021B60S",2015-03-27,NA,NA,NA
"7180","USS0021B60S",2015-03-28,NA,NA,NA
"7181","USS0021B60S",2015-03-29,NA,NA,NA
"7182","USS0021B60S",2015-03-30,NA,NA,NA
"7183","USS0021B60S",2015-03-31,NA,NA,NA
"7184","USS0021B60S",2015-09-01,NA,NA,NA
"7185","USS0021B60S",2015-09-02,NA,NA,NA
"7186","USS0021B60S",2015-09-03,NA,NA,NA
"7187","USS0021B60S",2015-09-04,NA,NA,NA
"7188","USS0021B60S",2015-09-05,NA,NA,NA
"7189","USS0021B60S",2015-09-06,NA,NA,NA
"7190","USS0021B60S",2015-09-07,NA,NA,NA
"7191","USS0021B60S",2015-09-08,NA,NA,NA
"7192","USS0021B60S",2015-09-09,NA,NA,NA
"7193","USS0021B60S",2015-09-10,NA,NA,NA
"7194","USS0021B60S",2015-09-11,NA,NA,NA
"7195","USS0021B60S",2015-09-12,NA,NA,NA
"7196","USS0021B60S",2015-09-13,NA,NA,NA
"7197","USS0021B60S",2015-09-14,NA,NA,NA
"7198","USS0021B60S",2015-09-15,NA,NA,NA
"7199","USS0021B60S",2015-09-16,NA,NA,NA
"7200","USS0021B60S",2015-09-17,NA,NA,NA
"7201","USS0021B60S",2015-09-18,NA,NA,NA
"7202","USS0021B60S",2015-09-19,NA,NA,NA
"7203","USS0021B60S",2015-09-20,NA,NA,NA
"7204","USS0021B60S",2015-09-21,8.2,10.9,6.4
"7205","USS0021B60S",2015-09-22,7.4,12.6,4.5
"7206","USS0021B60S",2015-09-23,10.7,13.9,9.3
"7207","USS0021B60S",2015-09-24,12.9,18.5,9.7
"7208","USS0021B60S",2015-09-25,8.6,10.2,7
"7209","USS0021B60S",2015-09-26,6.4,10,3.9
"7210","USS0021B60S",2015-09-27,7.1,11.7,3.4
"7211","USS0021B60S",2015-09-28,12.4,16.7,8.1
"7212","USS0021B60S",2015-09-29,14.2,19.9,11.5
"7213","USS0021B60S",2015-09-30,12.5,18.2,9.7
"7214","USS0021B60S",2015-10-01,11.1,15.6,8
"7215","USS0021B60S",2015-10-02,8.6,11.1,7.5
"7216","USS0021B60S",2015-10-03,9.5,13.5,6.5
"7217","USS0021B60S",2015-10-04,13.1,17.3,10.2
"7218","USS0021B60S",2015-10-05,15.3,19.6,12.2
"7219","USS0021B60S",2015-10-06,13.3,16.1,9.7
"7220","USS0021B60S",2015-10-07,10.6,12.3,9
"7221","USS0021B60S",2015-10-08,14.8,18.2,12
"7222","USS0021B60S",2015-10-09,13,16.2,10.5
"7223","USS0021B60S",2015-10-10,10.3,12.5,5.8
"7224","USS0021B60S",2015-10-11,8.7,12.6,5.9
"7225","USS0021B60S",2015-10-12,9.7,11.6,8.1
"7226","USS0021B60S",2015-10-13,8.9,10.9,6.1
"7227","USS0021B60S",2015-10-14,10.4,14.7,5.7
"7228","USS0021B60S",2015-10-15,16.4,19.4,12.3
"7229","USS0021B60S",2015-10-16,17.9,22,12.5
"7230","USS0021B60S",2015-10-17,12.8,17.1,9.7
"7231","USS0021B60S",2015-10-18,9.3,9.9,8.3
"7232","USS0021B60S",2015-10-19,9.4,11.4,8.6
"7233","USS0021B60S",2015-10-20,8.3,10.9,6.2
"7234","USS0021B60S",2015-10-21,9.9,12.7,6.7
"7235","USS0021B60S",2015-10-22,5.7,8.5,4.3
"7236","USS0021B60S",2015-10-23,8.2,11.5,4.5
"7237","USS0021B60S",2015-10-24,10.5,11.7,9
"7238","USS0021B60S",2015-10-25,9.9,12.9,6.7
"7239","USS0021B60S",2015-10-26,6.3,7.1,5.4
"7240","USS0021B60S",2015-10-27,8.7,11.7,5.2
"7241","USS0021B60S",2015-10-28,8.3,11.5,6.6
"7242","USS0021B60S",2015-10-29,7.6,8.4,7.1
"7243","USS0021B60S",2015-10-30,8.1,10,6.1
"7244","USS0021B60S",2015-10-31,7.7,9.9,5.8
"7245","USS0021B60S",2015-11-01,4.5,6.2,2.8
"7246","USS0021B60S",2015-11-02,3.3,4.7,1.3
"7247","USS0021B60S",2015-11-03,1.9,3.5,0.4
"7248","USS0021B60S",2015-11-04,1.9,4.7,-0.1
"7249","USS0021B60S",2015-11-05,3.3,4.5,2.1
"7250","USS0021B60S",2015-11-06,5.5,8.5,2
"7251","USS0021B60S",2015-11-07,7.2,9,4.6
"7252","USS0021B60S",2015-11-08,3.6,5.9,2.3
"7253","USS0021B60S",2015-11-09,2.3,3.4,1.2
"7254","USS0021B60S",2015-11-10,2,3.9,0.4
"7255","USS0021B60S",2015-11-11,1.6,4.1,0.8
"7256","USS0021B60S",2015-11-12,2.6,7,0.6
"7257","USS0021B60S",2015-11-13,7.2,7.9,5.7
"7258","USS0021B60S",2015-11-14,4.5,7.1,1.6
"7259","USS0021B60S",2015-11-15,0.6,5.9,-0.7
"7260","USS0021B60S",2015-11-16,0.8,5.1,-1.5
"7261","USS0021B60S",2015-11-17,5,8.2,0.1
"7262","USS0021B60S",2015-11-18,0.8,2.4,0
"7263","USS0021B60S",2015-11-19,0.3,2.5,-2.1
"7264","USS0021B60S",2015-11-20,0.4,3.2,-2.4
"7265","USS0021B60S",2015-11-21,4.7,8.6,0.8
"7266","USS0021B60S",2015-11-22,6.3,9.3,4.2
"7267","USS0021B60S",2015-11-23,3.4,7,0.8
"7268","USS0021B60S",2015-11-24,0.5,1.8,-1.4
"7269","USS0021B60S",2015-11-25,-0.2,4.5,-2.7
"7270","USS0021B60S",2015-11-26,2.8,4.8,0.7
"7271","USS0021B60S",2015-11-27,4.4,6.1,2.7
"7272","USS0021B60S",2015-11-28,5.9,8.4,2.8
"7273","USS0021B60S",2015-11-29,5.5,8.1,2.8
"7274","USS0021B60S",2015-11-30,3.6,5.4,1.5
"7275","USS0021B60S",2015-12-01,3.8,6.4,2.1
"7276","USS0021B60S",2015-12-02,5.7,7.7,2.6
"7277","USS0021B60S",2015-12-03,4.7,6.9,2.7
"7278","USS0021B60S",2015-12-04,2.2,3.4,1.1
"7279","USS0021B60S",2015-12-05,2.8,4.1,1.6
"7280","USS0021B60S",2015-12-06,3.8,4.9,3
"7281","USS0021B60S",2015-12-07,4.4,6.3,2.3
"7282","USS0021B60S",2015-12-08,7.5,9.6,5.3
"7283","USS0021B60S",2015-12-09,3.8,7.5,1.7
"7284","USS0021B60S",2015-12-10,2.7,5.6,1.3
"7285","USS0021B60S",2015-12-11,2.2,4.2,0.4
"7286","USS0021B60S",2015-12-12,1.4,2.5,0.6
"7287","USS0021B60S",2015-12-13,0.7,1.5,0.1
"7288","USS0021B60S",2015-12-14,-0.3,1.3,-1.3
"7289","USS0021B60S",2015-12-15,-0.4,1.1,-2.5
"7290","USS0021B60S",2015-12-16,-1.2,0.9,-3.1
"7291","USS0021B60S",2015-12-17,1,3.2,-1.1
"7292","USS0021B60S",2015-12-18,1.2,3.6,-0.2
"7293","USS0021B60S",2015-12-19,0.3,1.3,-0.3
"7294","USS0021B60S",2015-12-20,0.2,0.8,-0.3
"7295","USS0021B60S",2015-12-21,-0.6,0.5,-1.6
"7296","USS0021B60S",2015-12-22,-0.9,1.2,-3.1
"7297","USS0021B60S",2015-12-23,-1.1,-0.8,-1.3
"7298","USS0021B60S",2015-12-24,-1.2,-0.1,-1.8
"7299","USS0021B60S",2015-12-25,-1.7,1.1,-3.1
"7300","USS0021B60S",2015-12-26,-1.9,0.6,-4.4
"7301","USS0021B60S",2015-12-27,0.5,2.1,-1.5
"7302","USS0021B60S",2015-12-28,-1.1,0.9,-2.4
"7303","USS0021B60S",2015-12-29,-2.1,2.5,-5.2
"7304","USS0021B60S",2015-12-30,-4.4,-2.3,-6.5
"7305","USS0021B60S",2015-12-31,-1.6,1.2,-4.3
"7306","USS0021B60S",2016-01-01,2.2,4.3,-0.4
"7307","USS0021B60S",2016-01-02,0.1,3.2,-3.7
"7308","USS0021B60S",2016-01-03,-1,1,-3.5
"7309","USS0021B60S",2016-01-04,2.3,4.4,0.3
"7310","USS0021B60S",2016-01-05,3.9,5.8,2.6
"7311","USS0021B60S",2016-01-06,4.3,6.2,2.9
"7312","USS0021B60S",2016-01-07,3.1,4.4,1.9
"7313","USS0021B60S",2016-01-08,2.7,5,1.8
"7314","USS0021B60S",2016-01-09,2.3,4.2,0.6
"7315","USS0021B60S",2016-01-10,3.6,6.4,0.3
"7316","USS0021B60S",2016-01-11,3.8,6,2.3
"7317","USS0021B60S",2016-01-12,4.2,6.7,2.6
"7318","USS0021B60S",2016-01-13,2.1,4.6,0.5
"7319","USS0021B60S",2016-01-14,0.5,2.3,-1
"7320","USS0021B60S",2016-01-15,1.5,3.4,-0.7
"7321","USS0021B60S",2016-01-16,3.4,5,1.6
"7322","USS0021B60S",2016-01-17,3.2,6.2,2.1
"7323","USS0021B60S",2016-01-18,3.4,5.4,1.8
"7324","USS0021B60S",2016-01-19,2.6,5.2,0.2
"7325","USS0021B60S",2016-01-20,1.9,4.2,0.5
"7326","USS0021B60S",2016-01-21,6,8.4,3.2
"7327","USS0021B60S",2016-01-22,4.3,7.4,2.2
"7328","USS0021B60S",2016-01-23,2.3,6.5,0.5
"7329","USS0021B60S",2016-01-24,1,3.1,0
"7330","USS0021B60S",2016-01-25,2.8,5.2,0.7
"7331","USS0021B60S",2016-01-26,6.4,7.7,4.7
"7332","USS0021B60S",2016-01-27,7.3,9.4,5.9
"7333","USS0021B60S",2016-01-28,4.5,8.6,1.9
"7334","USS0021B60S",2016-01-29,1.5,4.6,-0.2
"7335","USS0021B60S",2016-01-30,-0.4,0.7,-0.8
"7336","USS0021B60S",2016-01-31,-0.5,1,-1.1
"7337","USS0021B60S",2016-02-01,-0.6,1.5,-1.4
"7338","USS0021B60S",2016-02-02,-0.1,2.8,-1.3
"7339","USS0021B60S",2016-02-03,1.4,3.8,-0.4
"7340","USS0021B60S",2016-02-04,1.8,4.1,0.9
"7341","USS0021B60S",2016-02-05,5.5,9.2,1.4
"7342","USS0021B60S",2016-02-06,1,2.2,0
"7343","USS0021B60S",2016-02-07,6.6,12,0.4
"7344","USS0021B60S",2016-02-08,13.2,17.3,9.7
"7345","USS0021B60S",2016-02-09,13.5,17.4,9.9
"7346","USS0021B60S",2016-02-10,8,12.9,4.5
"7347","USS0021B60S",2016-02-11,8,10.5,4
"7348","USS0021B60S",2016-02-12,5.3,7.9,1.7
"7349","USS0021B60S",2016-02-13,2,4.2,0.9
"7350","USS0021B60S",2016-02-14,5.1,6.2,4
"7351","USS0021B60S",2016-02-15,5.1,6.2,4.2
"7352","USS0021B60S",2016-02-16,5.2,8.8,3.9
"7353","USS0021B60S",2016-02-17,7.2,9.5,1.5
"7354","USS0021B60S",2016-02-18,2.2,4.6,0.8
"7355","USS0021B60S",2016-02-19,1.7,3.6,-0.1
"7356","USS0021B60S",2016-02-20,0.7,4.9,-0.5
"7357","USS0021B60S",2016-02-21,2.1,5.5,0
"7358","USS0021B60S",2016-02-22,1.1,3.1,-0.1
"7359","USS0021B60S",2016-02-23,3.4,6.7,0.1
"7360","USS0021B60S",2016-02-24,6.8,10.2,4.7
"7361","USS0021B60S",2016-02-25,8.5,12.8,5.5
"7362","USS0021B60S",2016-02-26,8,13.9,4.2
"7363","USS0021B60S",2016-02-27,4.2,5.6,3
"7364","USS0021B60S",2016-02-28,2.6,6,0.1
"7365","USS0021B60S",2016-02-29,2,5.8,-0.2
"7366","USS0021B60S",2016-03-01,3,5.4,0.2
"7367","USS0021B60S",2016-03-02,3.7,7.2,0.7
"7368","USS0021B60S",2016-03-03,4.5,5.8,3.4
"7369","USS0021B60S",2016-03-04,6.5,10.9,3.9
"7370","USS0021B60S",2016-03-05,7.4,10.9,4.4
"7371","USS0021B60S",2016-03-06,2.9,7.9,1
"7372","USS0021B60S",2016-03-07,1.4,4,0.1
"7373","USS0021B60S",2016-03-08,1.7,7.2,0
"7374","USS0021B60S",2016-03-09,2.5,4.8,0.9
"7375","USS0021B60S",2016-03-10,3.1,5.5,1.1
"7376","USS0021B60S",2016-03-11,4.7,8.3,0.8
"7377","USS0021B60S",2016-03-12,1.7,4.7,-0.3
"7378","USS0021B60S",2016-03-13,1.1,5.3,0
"7379","USS0021B60S",2016-03-14,-0.1,1.1,-0.9
"7380","USS0021B60S",2016-03-15,0.3,2.5,-1.1
"7381","USS0021B60S",2016-03-16,0.9,6.6,-1.8
"7382","USS0021B60S",2016-03-17,2,7,-2.1
"7383","USS0021B60S",2016-03-18,4.9,8.4,2.6
"7384","USS0021B60S",2016-03-19,8.6,12.9,4.5
"7385","USS0021B60S",2016-03-20,7,10.9,2.7
"7386","USS0021B60S",2016-03-21,3.8,8.1,1.5
"7387","USS0021B60S",2016-03-22,2.3,4.8,1.3
"7388","USS0021B60S",2016-03-23,2.4,4,1.5
"7389","USS0021B60S",2016-03-24,1.1,1.7,0.5
"7390","USS0021B60S",2016-03-25,2,8.4,0.4
"7391","USS0021B60S",2016-03-26,5.1,10,1.1
"7392","USS0021B60S",2016-03-27,1.5,3.7,0.3
"7393","USS0021B60S",2016-03-28,2.1,5.2,0.1
"7394","USS0021B60S",2016-03-29,5.9,11.4,1
"7395","USS0021B60S",2016-03-30,9.3,14.8,5
"7396","USS0021B60S",2016-03-31,10.1,14.6,6.8
"7397","USS0021B60S",2016-04-01,10.6,15.2,7.5
"7398","USS0021B60S",2016-04-02,8.4,12.9,5.3
"7399","USS0021B60S",2016-04-03,9.3,15.6,4.4
"7400","USS0021B60S",2016-04-04,2.4,4.6,0.8
"7401","USS0021B60S",2016-04-05,2.7,4.4,1.2
"7402","USS0021B60S",2016-04-06,9.2,14.3,3.5
"7403","USS0021B60S",2016-04-07,17,21.3,11.8
"7404","USS0021B60S",2016-04-08,15.1,20.1,9.2
"7405","USS0021B60S",2016-04-09,9.9,14.4,6.1
"7406","USS0021B60S",2016-04-10,6,8.1,3.8
"7407","USS0021B60S",2016-04-11,4.6,8.8,3
"7408","USS0021B60S",2016-04-12,3.4,6.8,1.1
"7409","USS0021B60S",2016-04-13,4.4,8.1,1.4
"7410","USS0021B60S",2016-04-14,3.7,9,0.9
"7411","USS0021B60S",2016-04-15,3.7,5.9,2.4
"7412","USS0021B60S",2016-04-16,8.7,14,3
"7413","USS0021B60S",2016-04-17,14.2,19.2,8.7
"7414","USS0021B60S",2016-04-18,17.5,22.5,11.9
"7415","USS0021B60S",2016-04-19,18.5,23.5,14.6
"7416","USS0021B60S",2016-04-20,17.8,24,11.8
"7417","USS0021B60S",2016-04-21,11.8,15.1,9.4
"7418","USS0021B60S",2016-04-22,7.3,10.9,5.3
"7419","USS0021B60S",2016-04-23,5.6,8.4,4.2
"7420","USS0021B60S",2016-04-24,3.5,5.8,1.5
"7421","USS0021B60S",2016-04-25,2.6,4.9,1
"7422","USS0021B60S",2016-04-26,4.4,9.1,0.8
"7423","USS0021B60S",2016-04-27,4.3,5.2,2.8
"7424","USS0021B60S",2016-04-28,5.7,7.7,3.9
"7425","USS0021B60S",2016-04-29,4.5,6.4,3.3
"7426","USS0021B60S",2016-04-30,7.8,13.7,3.4
"7427","USS0021B60S",2016-05-01,14.4,19.5,7.9
"7428","USS0021B60S",2016-05-02,17.2,22.7,11.5
"7429","USS0021B60S",2016-05-03,13.1,17.8,9
"7430","USS0021B60S",2016-05-04,7.7,10.2,6.2
"7431","USS0021B60S",2016-05-05,7.9,10.8,5.4
"7432","USS0021B60S",2016-05-06,13.6,19.2,8
"7433","USS0021B60S",2016-05-07,15.8,21.8,9.3
"7434","USS0021B60S",2016-05-08,5.8,9.9,2.3
"7435","USS0021B60S",2016-05-09,6.4,11.9,2.8
"7436","USS0021B60S",2016-05-10,10.7,16.6,5.7
"7437","USS0021B60S",2016-05-11,14.3,20.1,9.3
"7438","USS0021B60S",2016-05-12,13.4,18.8,8.9
"7439","USS0021B60S",2016-05-13,16.7,22.1,11.7
"7440","USS0021B60S",2016-05-14,11.7,16.6,7.7
"7441","USS0021B60S",2016-05-15,7.3,8.2,6.6
"7442","USS0021B60S",2016-05-16,7.4,8.6,6.2
"7443","USS0021B60S",2016-05-17,10.1,15.4,5.7
"7444","USS0021B60S",2016-05-18,9.2,13,4.2
"7445","USS0021B60S",2016-05-19,4.3,8.8,2.6
"7446","USS0021B60S",2016-05-20,7.2,11.3,3.8
"7447","USS0021B60S",2016-05-21,6.2,7.4,5.5
"7448","USS0021B60S",2016-05-22,6.2,8.9,5
"7449","USS0021B60S",2016-05-23,6.2,7.6,5.1
"7450","USS0021B60S",2016-05-24,8.1,10.2,6.6
"7451","USS0021B60S",2016-05-25,8.6,11.8,6.2
"7452","USS0021B60S",2016-05-26,5.5,7.8,3.1
"7453","USS0021B60S",2016-05-27,4.4,7.9,1.5
"7454","USS0021B60S",2016-05-28,6,8.2,3.4
"7455","USS0021B60S",2016-05-29,6.8,8,4.5
"7456","USS0021B60S",2016-05-30,9.9,15.7,3.7
"7457","USS0021B60S",2016-05-31,16.1,22,9.4
"7458","USS0021B60S",2016-06-01,14,19.6,10.2
"7459","USS0021B60S",2016-06-02,9.2,11.6,7.6
"7460","USS0021B60S",2016-06-03,15.5,22.5,8.2
"7461","USS0021B60S",2016-06-04,22,26.9,16.5
"7462","USS0021B60S",2016-06-05,23.7,29.6,17.4
"7463","USS0021B60S",2016-06-06,19.4,25.1,14
"7464","USS0021B60S",2016-06-07,18.1,24.4,13.8
"7465","USS0021B60S",2016-06-08,12,17.9,7.1
"7466","USS0021B60S",2016-06-09,7.7,11,5.5
"7467","USS0021B60S",2016-06-10,6.4,11.6,4.4
"7468","USS0021B60S",2016-06-11,6.3,9.3,4.4
"7469","USS0021B60S",2016-06-12,8.7,12.5,6.1
"7470","USS0021B60S",2016-06-13,6.9,9.3,3.7
"7471","USS0021B60S",2016-06-14,3.7,5.4,2.5
"7472","USS0021B60S",2016-06-15,6.1,11.8,2.9
"7473","USS0021B60S",2016-06-16,6.6,11.8,4.2
"7474","USS0021B60S",2016-06-17,9.7,17.7,5.3
"7475","USS0021B60S",2016-06-18,6.9,8.1,5.4
"7476","USS0021B60S",2016-06-19,10.4,17,4.3
"7477","USS0021B60S",2016-06-20,13.1,19.2,8.1
"7478","USS0021B60S",2016-06-21,9.7,15.2,6.9
"7479","USS0021B60S",2016-06-22,11.9,16.2,8.6
"7480","USS0021B60S",2016-06-23,8.8,12.9,6.5
"7481","USS0021B60S",2016-06-24,7.5,9.7,5.5
"7482","USS0021B60S",2016-06-25,10.1,13.8,7.4
"7483","USS0021B60S",2016-06-26,15.9,22.7,9.2
"7484","USS0021B60S",2016-06-27,18.7,23.6,13.9
"7485","USS0021B60S",2016-06-28,15.6,21.1,11.7
"7486","USS0021B60S",2016-06-29,13.5,17.4,10.5
"7487","USS0021B60S",2016-06-30,10.8,12.8,8.7
"7488","USS0021B60S",2016-07-01,12.9,18.9,8.4
"7489","USS0021B60S",2016-07-02,13.3,17.4,10.5
"7490","USS0021B60S",2016-07-03,10.5,16,7.3
"7491","USS0021B60S",2016-07-04,8.4,10.3,7.2
"7492","USS0021B60S",2016-07-05,8.2,9.2,7.2
"7493","USS0021B60S",2016-07-06,10.8,15.6,7.3
"7494","USS0021B60S",2016-07-07,11.1,13.3,9.9
"7495","USS0021B60S",2016-07-08,11,13.5,9.3
"7496","USS0021B60S",2016-07-09,9.8,12.9,8.1
"7497","USS0021B60S",2016-07-10,9.4,11.7,8.1
"7498","USS0021B60S",2016-07-11,9.9,13.9,7.8
"7499","USS0021B60S",2016-07-12,10.7,13.6,9.2
"7500","USS0021B60S",2016-07-13,10.9,16,9
"7501","USS0021B60S",2016-07-14,11.4,17,8.3
"7502","USS0021B60S",2016-07-15,10.5,13.9,7.8
"7503","USS0021B60S",2016-07-16,11.3,13.8,9.4
"7504","USS0021B60S",2016-07-17,13.5,18.5,10.5
"7505","USS0021B60S",2016-07-18,12.2,14.8,11.1
"7506","USS0021B60S",2016-07-19,12.1,15.6,9.7
"7507","USS0021B60S",2016-07-20,14,20,10.3
"7508","USS0021B60S",2016-07-21,16.4,23.4,12.1
"7509","USS0021B60S",2016-07-22,10.6,13.2,9.6
"7510","USS0021B60S",2016-07-23,10.8,14,9.2
"7511","USS0021B60S",2016-07-24,15,21.6,9.2
"7512","USS0021B60S",2016-07-25,17.5,23.2,13.1
"7513","USS0021B60S",2016-07-26,15.7,21.1,12.7
"7514","USS0021B60S",2016-07-27,16.8,22.9,12.1
"7515","USS0021B60S",2016-07-28,18.5,24.8,14.3
"7516","USS0021B60S",2016-07-29,19.1,25.4,14.7
"7517","USS0021B60S",2016-07-30,12.7,15.6,10.2
"7518","USS0021B60S",2016-07-31,11.5,16.9,8.4
"7519","USS0021B60S",2016-08-01,13.7,19,9.2
"7520","USS0021B60S",2016-08-02,9.5,12.5,8.1
"7521","USS0021B60S",2016-08-03,11.1,15.1,8.6
"7522","USS0021B60S",2016-08-04,15.1,22,9.8
"7523","USS0021B60S",2016-08-05,14.6,19.8,9.4
"7524","USS0021B60S",2016-08-06,9.8,14.2,7.6
"7525","USS0021B60S",2016-08-07,9.9,12.3,8.9
"7526","USS0021B60S",2016-08-08,9.2,11.2,8
"7527","USS0021B60S",2016-08-09,10.4,12.2,9
"7528","USS0021B60S",2016-08-10,11.8,13.8,10.3
"7529","USS0021B60S",2016-08-11,15.6,21.2,10.5
"7530","USS0021B60S",2016-08-12,19.7,25.8,14.9
"7531","USS0021B60S",2016-08-13,19.8,25.2,15.2
"7532","USS0021B60S",2016-08-14,17.1,22.6,12.8
"7533","USS0021B60S",2016-08-15,16,22.4,11.5
"7534","USS0021B60S",2016-08-16,15.9,21.8,12
"7535","USS0021B60S",2016-08-17,15.5,20.7,11.3
"7536","USS0021B60S",2016-08-18,18.8,24.2,14.2
"7537","USS0021B60S",2016-08-19,21.4,27.4,16.7
"7538","USS0021B60S",2016-08-20,21,26.8,17
"7539","USS0021B60S",2016-08-21,14.1,17.8,8.1
"7540","USS0021B60S",2016-08-22,9.4,13.6,7.3
"7541","USS0021B60S",2016-08-23,13.1,19.2,8.1
"7542","USS0021B60S",2016-08-24,17.2,23,12.7
"7543","USS0021B60S",2016-08-25,19.4,24.4,15.2
"7544","USS0021B60S",2016-08-26,20,25.6,16.8
"7545","USS0021B60S",2016-08-27,13.2,18,9.4
"7546","USS0021B60S",2016-08-28,13.2,17.8,8.4
"7547","USS0021B60S",2016-08-29,16,21.2,11.5
"7548","USS0021B60S",2016-08-30,11.6,16,8.6
"7549","USS0021B60S",2016-08-31,11.1,13.8,8.9
"7550","USS0021B60S",2016-09-01,9,11.7,6.9
"7551","USS0021B60S",2016-09-02,8.4,11.2,7.5
"7552","USS0021B60S",2016-09-03,8,9.9,6.7
"7553","USS0021B60S",2016-09-04,8.4,11.2,6.6
"7554","USS0021B60S",2016-09-05,8.8,12.8,7.1
"7555","USS0021B60S",2016-09-06,9.5,11.5,7.3
"7556","USS0021B60S",2016-09-07,9.6,11.1,8.1
"7557","USS0021B60S",2016-09-08,9.4,12.4,7
"7558","USS0021B60S",2016-09-09,12.1,17.8,6.7
"7559","USS0021B60S",2016-09-10,13.5,19.1,8.9
"7560","USS0021B60S",2016-09-11,9.2,13.4,6.6
"7561","USS0021B60S",2016-09-12,11.8,16.6,7.3
"7562","USS0021B60S",2016-09-13,12.8,17.4,9.1
"7563","USS0021B60S",2016-09-14,12.9,17.3,10.2
"7564","USS0021B60S",2016-09-15,13,17.8,9.8
"7565","USS0021B60S",2016-09-16,14.1,18.8,10.9
"7566","USS0021B60S",2016-09-17,9.8,11,7.6
"7567","USS0021B60S",2016-09-18,9.1,14.4,6.2
"7568","USS0021B60S",2016-09-19,7.7,10.4,5.4
"7569","USS0021B60S",2016-09-20,8,11.1,4.9
"7570","USS0021B60S",2016-09-21,8.8,14.5,5.9
"7571","USS0021B60S",2016-09-22,8.5,11.8,6.5
"7572","USS0021B60S",2016-09-23,7.6,8.8,6.4
"7573","USS0021B60S",2016-09-24,8.9,11.7,6.6
"7574","USS0021B60S",2016-09-25,13.8,18.5,9.7
"7575","USS0021B60S",2016-09-26,17.2,23.1,12.1
"7576","USS0021B60S",2016-09-27,10.2,13.4,7.8
"7577","USS0021B60S",2016-09-28,10,13.7,7.9
"7578","USS0021B60S",2016-09-29,8.7,11.7,6.3
"7579","USS0021B60S",2016-09-30,7.6,12.8,4.6
"7580","USS0021B60S",2016-10-01,6.6,9.3,4.9
"7581","USS0021B60S",2016-10-02,7.5,10.8,5.3
"7582","USS0021B60S",2016-10-03,6.2,6.9,5.3
"7583","USS0021B60S",2016-10-04,6.3,7.5,5.8
"7584","USS0021B60S",2016-10-05,8.2,11.9,5.7
"7585","USS0021B60S",2016-10-06,7.5,9.2,6.3
"7586","USS0021B60S",2016-10-07,6.9,8.5,5.9
"7587","USS0021B60S",2016-10-08,10,10.8,5.9
"7588","USS0021B60S",2016-10-09,6.6,9.7,4
"7589","USS0021B60S",2016-10-10,4.4,7.5,2.8
"7590","USS0021B60S",2016-10-11,5.2,8.7,2.7
"7591","USS0021B60S",2016-10-12,7.7,11.8,3.4
"7592","USS0021B60S",2016-10-13,8,9,6.5
"7593","USS0021B60S",2016-10-14,5.8,7.3,5
"7594","USS0021B60S",2016-10-15,6.3,8.8,5
"7595","USS0021B60S",2016-10-16,5.8,8.1,4.6
"7596","USS0021B60S",2016-10-17,5.5,6.6,4.4
"7597","USS0021B60S",2016-10-18,4.9,5.8,3.3
"7598","USS0021B60S",2016-10-19,6.5,9.5,3.4
"7599","USS0021B60S",2016-10-20,8.1,10.4,6.2
"7600","USS0021B60S",2016-10-21,6.4,10.2,5
"7601","USS0021B60S",2016-10-22,6.3,9,3.4
"7602","USS0021B60S",2016-10-23,8.3,11.7,5.2
"7603","USS0021B60S",2016-10-24,9.2,13.3,5.4
"7604","USS0021B60S",2016-10-25,6.6,10.6,4.6
"7605","USS0021B60S",2016-10-26,8.1,9.8,6.5
"7606","USS0021B60S",2016-10-27,6.5,8.6,5.4
"7607","USS0021B60S",2016-10-28,7.4,11.7,5.3
"7608","USS0021B60S",2016-10-29,6.7,8.8,4.9
"7609","USS0021B60S",2016-10-30,7.2,9.9,5.4
"7610","USS0021B60S",2016-10-31,5.3,6.4,3.9
"7611","USS0021B60S",2016-11-01,5.5,6,4.7
"7612","USS0021B60S",2016-11-02,7.7,10.5,4.9
"7613","USS0021B60S",2016-11-03,9,12.8,5.7
"7614","USS0021B60S",2016-11-04,12,14.5,10
"7615","USS0021B60S",2016-11-05,8.7,13.5,5.4
"7616","USS0021B60S",2016-11-06,5.8,7.6,3.8
"7617","USS0021B60S",2016-11-07,10,13.1,6.2
"7618","USS0021B60S",2016-11-08,12,14.8,9.8
"7619","USS0021B60S",2016-11-09,9.5,11.5,7.9
"7620","USS0021B60S",2016-11-10,12.9,15.3,10.1
"7621","USS0021B60S",2016-11-11,13.4,15.4,11.7
"7622","USS0021B60S",2016-11-12,7.2,13.1,4.9
"7623","USS0021B60S",2016-11-13,5.5,7.4,4
"7624","USS0021B60S",2016-11-14,6.2,8.4,4.3
"7625","USS0021B60S",2016-11-15,3.8,6.9,0.5
"7626","USS0021B60S",2016-11-16,1.3,2,0.5
"7627","USS0021B60S",2016-11-17,1.7,3.2,1
"7628","USS0021B60S",2016-11-18,3.4,5,0.9
"7629","USS0021B60S",2016-11-19,4.5,6.8,2.6
"7630","USS0021B60S",2016-11-20,4.6,6.6,2
"7631","USS0021B60S",2016-11-21,2.9,3.9,1.3
"7632","USS0021B60S",2016-11-22,3.7,6.2,1.5
"7633","USS0021B60S",2016-11-23,1.4,2.3,0.9
"7634","USS0021B60S",2016-11-24,2.4,4,1.4
"7635","USS0021B60S",2016-11-25,3,5.1,1.1
"7636","USS0021B60S",2016-11-26,4.3,6.1,1.4
"7637","USS0021B60S",2016-11-27,1.1,1.8,0.5
"7638","USS0021B60S",2016-11-28,1.4,2.4,0.8
"7639","USS0021B60S",2016-11-29,2,3.6,1.3
"7640","USS0021B60S",2016-11-30,1.4,3.6,0.9
"7641","USS0021B60S",2016-12-01,0.9,1.7,0.5
"7642","USS0021B60S",2016-12-02,2.1,3.5,1.4
"7643","USS0021B60S",2016-12-03,1.4,2,1
"7644","USS0021B60S",2016-12-04,-1.6,1.1,-3.4
"7645","USS0021B60S",2016-12-05,-2.6,-0.7,-5.5
"7646","USS0021B60S",2016-12-06,-4.6,-0.7,-6.9
"7647","USS0021B60S",2016-12-07,-7,-5.7,-8.1
"7648","USS0021B60S",2016-12-08,-5.1,-2,-7.5
"7649","USS0021B60S",2016-12-09,-0.7,0.5,-3.2
"7650","USS0021B60S",2016-12-10,-0.2,1.1,-0.9
"7651","USS0021B60S",2016-12-11,-0.4,0.2,-0.9
"7652","USS0021B60S",2016-12-12,-0.7,0.2,-1.5
"7653","USS0021B60S",2016-12-13,-2.4,-0.4,-5.2
"7654","USS0021B60S",2016-12-14,-4.5,-1.8,-6.7
"7655","USS0021B60S",2016-12-15,-3.7,-1,-6
"7656","USS0021B60S",2016-12-16,-7.3,-5.5,-9.1
"7657","USS0021B60S",2016-12-17,-6.3,-4.2,-9.1
"7658","USS0021B60S",2016-12-18,-2.1,0.1,-4.6
"7659","USS0021B60S",2016-12-19,1,2.9,-1
"7660","USS0021B60S",2016-12-20,1.6,5,0.2
"7661","USS0021B60S",2016-12-21,2.4,7.1,-1.4
"7662","USS0021B60S",2016-12-22,3.1,7.1,0.4
"7663","USS0021B60S",2016-12-23,-0.4,1,-1.9
"7664","USS0021B60S",2016-12-24,-2.2,-0.6,-4.4
"7665","USS0021B60S",2016-12-25,-3.2,0.1,-5.2
"7666","USS0021B60S",2016-12-26,-0.7,1.8,-2.7
"7667","USS0021B60S",2016-12-27,-0.4,1.2,-1.2
"7668","USS0021B60S",2016-12-28,-1.1,0.7,-2.2
"7669","USS0021B60S",2016-12-29,0.9,2.6,-0.7
"7670","USS0021B60S",2016-12-30,-1.6,1,-4.3
"7671","USS0021B60S",2016-12-31,-3.5,-1.8,-5.3
"7672","USS0021B60S",2017-01-01,-4.2,-1.7,-6.5
"7673","USS0021B60S",2017-01-02,-6.9,-5,-10
"7674","USS0021B60S",2017-01-03,-9.2,-5.7,-10.9
"7675","USS0021B60S",2017-01-04,-5.1,-2.3,-8.3
"7676","USS0021B60S",2017-01-05,-4,-1.7,-5.4
"7677","USS0021B60S",2017-01-06,-3,0.1,-6.2
"7678","USS0021B60S",2017-01-07,-2.4,-0.5,-4.3
"7679","USS0021B60S",2017-01-08,2.4,5.3,-0.5
"7680","USS0021B60S",2017-01-09,-0.5,1.9,-2.3
"7681","USS0021B60S",2017-01-10,-1.8,1.1,-5.6
"7682","USS0021B60S",2017-01-11,-4.9,-1.9,-6.4
"7683","USS0021B60S",2017-01-12,-3.9,-2.2,-5.8
"7684","USS0021B60S",2017-01-13,0.7,5.2,-3.7
"7685","USS0021B60S",2017-01-14,5.2,7.9,1.8
"7686","USS0021B60S",2017-01-15,3.8,6,1.5
"7687","USS0021B60S",2017-01-16,7.2,10.3,4.4
"7688","USS0021B60S",2017-01-17,6.2,9.2,4.3
"7689","USS0021B60S",2017-01-18,4.8,6.3,2
"7690","USS0021B60S",2017-01-19,2,3.1,1
"7691","USS0021B60S",2017-01-20,2.4,4,0.6
"7692","USS0021B60S",2017-01-21,2.8,5.8,1.3
"7693","USS0021B60S",2017-01-22,1.6,4,-0.5
"7694","USS0021B60S",2017-01-23,0.4,2.7,-1.4
"7695","USS0021B60S",2017-01-24,-0.3,1.2,-1.9
"7696","USS0021B60S",2017-01-25,0.4,1.9,-0.9
"7697","USS0021B60S",2017-01-26,1.1,2.6,-0.2
"7698","USS0021B60S",2017-01-27,2.4,6.6,-0.6
"7699","USS0021B60S",2017-01-28,7.1,9.4,4.4
"7700","USS0021B60S",2017-01-29,4.7,8.5,1.5
"7701","USS0021B60S",2017-01-30,1.6,3.6,-0.1
"7702","USS0021B60S",2017-01-31,-2.1,0.9,-4.4
"7703","USS0021B60S",2017-02-01,-3.6,-2,-5.8
"7704","USS0021B60S",2017-02-02,-2.1,0,-4.3
"7705","USS0021B60S",2017-02-03,1.2,3.4,-1.9
"7706","USS0021B60S",2017-02-04,1.6,2.8,0
"7707","USS0021B60S",2017-02-05,-0.8,0.4,-2.4
"7708","USS0021B60S",2017-02-06,-2.6,-0.4,-4.2
"7709","USS0021B60S",2017-02-07,-2.3,2.2,-5.4
"7710","USS0021B60S",2017-02-08,1.3,6.2,-1.8
"7711","USS0021B60S",2017-02-09,5.3,7.2,1.5
"7712","USS0021B60S",2017-02-10,0.4,1.7,-1.2
"7713","USS0021B60S",2017-02-11,-0.3,1.5,-1.3
"7714","USS0021B60S",2017-02-12,3.4,7.6,-1
"7715","USS0021B60S",2017-02-13,9.5,12.5,5.3
"7716","USS0021B60S",2017-02-14,9.9,12.9,5
"7717","USS0021B60S",2017-02-15,6.8,8.1,5.6
"7718","USS0021B60S",2017-02-16,3.8,6.9,1.7
"7719","USS0021B60S",2017-02-17,2.8,7.8,0.8
"7720","USS0021B60S",2017-02-18,2.2,4.5,0.6
"7721","USS0021B60S",2017-02-19,1.4,4.5,0.4
"7722","USS0021B60S",2017-02-20,1.4,3.5,0.6
"7723","USS0021B60S",2017-02-21,0.5,2.2,-1.4
"7724","USS0021B60S",2017-02-22,-1.7,1.8,-3.9
"7725","USS0021B60S",2017-02-23,-2.3,-0.2,-4.5
"7726","USS0021B60S",2017-02-24,-2,2.8,-4
"7727","USS0021B60S",2017-02-25,-2.2,1.1,-4.2
"7728","USS0021B60S",2017-02-26,-0.8,3.9,-2.3
"7729","USS0021B60S",2017-02-27,-3.2,-1.7,-4.4
"7730","USS0021B60S",2017-02-28,-2.3,1.3,-4.9
"7731","USS0021B60S",2017-03-01,0.5,1.1,-0.2
"7732","USS0021B60S",2017-03-02,0.8,1.4,0.4
"7733","USS0021B60S",2017-03-03,1.9,3.4,-1
"7734","USS0021B60S",2017-03-04,-1.2,2.8,-3.4
"7735","USS0021B60S",2017-03-05,-1.7,1.5,-3.1
"7736","USS0021B60S",2017-03-06,-2.7,-1.3,-3.7
"7737","USS0021B60S",2017-03-07,-0.8,0.8,-3.4
"7738","USS0021B60S",2017-03-08,-1.3,0.1,-2.7
"7739","USS0021B60S",2017-03-09,2.9,6.5,0.1
"7740","USS0021B60S",2017-03-10,3.4,5.4,1.5
"7741","USS0021B60S",2017-03-11,4.8,8.8,2
"7742","USS0021B60S",2017-03-12,3.9,6.7,2.6
"7743","USS0021B60S",2017-03-13,5.5,7,3.5
"7744","USS0021B60S",2017-03-14,6.7,7.9,5.1
"7745","USS0021B60S",2017-03-15,4.3,6.1,1.1
"7746","USS0021B60S",2017-03-16,1,4.2,-1.1
"7747","USS0021B60S",2017-03-17,4.2,7.2,0.2
"7748","USS0021B60S",2017-03-18,2.1,7.7,-2.1
"7749","USS0021B60S",2017-03-19,0.5,6.5,-3.1
"7750","USS0021B60S",2017-03-20,4.2,8.6,-0.5
"7751","USS0021B60S",2017-03-21,5.5,9.3,3.7
"7752","USS0021B60S",2017-03-22,3.5,6.6,0.2
"7753","USS0021B60S",2017-03-23,2.9,7.6,-0.3
"7754","USS0021B60S",2017-03-24,2.8,4.3,1
"7755","USS0021B60S",2017-03-25,1.5,3.3,0.8
"7756","USS0021B60S",2017-03-26,2.4,5.1,1.1
"7757","USS0021B60S",2017-03-27,1.9,3.6,1.2
"7758","USS0021B60S",2017-03-28,1.9,3.6,0.7
"7759","USS0021B60S",2017-03-29,3.6,5.9,1
"7760","USS0021B60S",2017-03-30,1.7,5.5,0.6
"7761","USS0021B60S",2017-03-31,3.7,8.8,0
"7762","USS0021B60S",2017-04-01,3.9,5.9,3
"7763","USS0021B60S",2017-04-02,0.9,5.4,-0.7
"7764","USS0021B60S",2017-04-03,2.2,8.1,-1.8
"7765","USS0021B60S",2017-04-04,6.1,9.9,3.1
"7766","USS0021B60S",2017-04-05,5.2,7.3,3.4
"7767","USS0021B60S",2017-04-06,5.4,9,3.2
"7768","USS0021B60S",2017-04-07,5.1,9.1,1.5
"7769","USS0021B60S",2017-04-08,1,5.3,-0.2
"7770","USS0021B60S",2017-04-09,3,8.4,-1.2
"7771","USS0021B60S",2017-04-10,1.5,6,0.4
"7772","USS0021B60S",2017-04-11,4.3,9,-1.3
"7773","USS0021B60S",2017-04-12,5.3,10.6,1.4
"7774","USS0021B60S",2017-04-13,2,6.6,0.5
"7775","USS0021B60S",2017-04-14,1.1,3.4,0.5
"7776","USS0021B60S",2017-04-15,2.4,8.7,0.3
"7777","USS0021B60S",2017-04-16,6.8,10.6,2.9
"7778","USS0021B60S",2017-04-17,5.1,9.8,3.5
"7779","USS0021B60S",2017-04-18,4.2,6.8,1.8
"7780","USS0021B60S",2017-04-19,4.8,7.2,1.4
"7781","USS0021B60S",2017-04-20,3.1,5.7,1.2
"7782","USS0021B60S",2017-04-21,7.6,13.2,1.2
"7783","USS0021B60S",2017-04-22,7,10.6,3.4
"7784","USS0021B60S",2017-04-23,3.4,6.8,1.4
"7785","USS0021B60S",2017-04-24,4,8.3,1.3
"7786","USS0021B60S",2017-04-25,4.1,8.1,2
"7787","USS0021B60S",2017-04-26,2.8,4.8,0.8
"7788","USS0021B60S",2017-04-27,2,6.7,0.3
"7789","USS0021B60S",2017-04-28,3.1,7.4,1
"7790","USS0021B60S",2017-04-29,4.7,9.5,1.8
"7791","USS0021B60S",2017-04-30,3.1,5.6,1.6
"7792","USS0021B60S",2017-05-01,2.6,4.2,1.1
"7793","USS0021B60S",2017-05-02,7,12,2.2
"7794","USS0021B60S",2017-05-03,10.8,14.6,6.9
"7795","USS0021B60S",2017-05-04,14.7,20.8,9.7
"7796","USS0021B60S",2017-05-05,5.8,12.9,1.5
"7797","USS0021B60S",2017-05-06,2.8,8.1,0.6
"7798","USS0021B60S",2017-05-07,4.8,11.3,0
"7799","USS0021B60S",2017-05-08,7.5,12.1,3.6
"7800","USS0021B60S",2017-05-09,9.9,15.2,4.7
"7801","USS0021B60S",2017-05-10,10.7,16.3,6.8
"7802","USS0021B60S",2017-05-11,5.8,12.9,1.3
"7803","USS0021B60S",2017-05-12,2.9,8.2,1.2
"7804","USS0021B60S",2017-05-13,3.3,9,1.5
"7805","USS0021B60S",2017-05-14,3.6,7.5,1.5
"7806","USS0021B60S",2017-05-15,2.9,5.6,1.3
"7807","USS0021B60S",2017-05-16,1.8,4.9,0.6
"7808","USS0021B60S",2017-05-17,4.1,7,1.5
"7809","USS0021B60S",2017-05-18,7,11.4,4.2
"7810","USS0021B60S",2017-05-19,10.5,16.3,5.6
"7811","USS0021B60S",2017-05-20,10.1,16,6.6
"7812","USS0021B60S",2017-05-21,14.6,20.8,8.3
"7813","USS0021B60S",2017-05-22,17.3,22.1,12.1
"7814","USS0021B60S",2017-05-23,14.1,21.5,2.3
"7815","USS0021B60S",2017-05-24,4.8,8.4,2.4
"7816","USS0021B60S",2017-05-25,9,15.2,3.5
"7817","USS0021B60S",2017-05-26,13.8,19.9,8.7
"7818","USS0021B60S",2017-05-27,17.1,22.4,11.3
"7819","USS0021B60S",2017-05-28,19.7,24.7,15
"7820","USS0021B60S",2017-05-29,18.7,25.1,11.8
"7821","USS0021B60S",2017-05-30,9.6,14.4,7
"7822","USS0021B60S",2017-05-31,10.2,16.6,6.3
"7823","USS0021B60S",2017-06-01,8.9,11.1,7.2
"7824","USS0021B60S",2017-06-02,10.3,16.2,6.9
"7825","USS0021B60S",2017-06-03,8.5,11.2,7.2
"7826","USS0021B60S",2017-06-04,7.1,11.8,4.3
"7827","USS0021B60S",2017-06-05,11.7,18,4.9
"7828","USS0021B60S",2017-06-06,17.5,24.4,12.5
"7829","USS0021B60S",2017-06-07,16.6,22.6,10.1
"7830","USS0021B60S",2017-06-08,8.2,11.4,4.3
"7831","USS0021B60S",2017-06-09,6.2,10.2,4
"7832","USS0021B60S",2017-06-10,6.2,9.8,4.3
"7833","USS0021B60S",2017-06-11,8.9,13.1,5.6
"7834","USS0021B60S",2017-06-12,7.3,8.5,5.9
"7835","USS0021B60S",2017-06-13,5.8,7.6,4.4
"7836","USS0021B60S",2017-06-14,7.8,12.9,4.3
"7837","USS0021B60S",2017-06-15,8.7,9.8,6.6
"7838","USS0021B60S",2017-06-16,8.6,12.2,5.6
"7839","USS0021B60S",2017-06-17,9,15.4,4.9
"7840","USS0021B60S",2017-06-18,11.1,15.3,7.9
"7841","USS0021B60S",2017-06-19,16.6,22,12.2
"7842","USS0021B60S",2017-06-20,11.5,14.4,5.5
"7843","USS0021B60S",2017-06-21,9,15,5.1
"7844","USS0021B60S",2017-06-22,12.4,18.9,5.7
"7845","USS0021B60S",2017-06-23,17,23.5,10.4
"7846","USS0021B60S",2017-06-24,22.3,28.3,15.3
"7847","USS0021B60S",2017-06-25,24.1,31.4,18.6
"7848","USS0021B60S",2017-06-26,15.2,20.5,10.2
"7849","USS0021B60S",2017-06-27,11.3,17.6,8.5
"7850","USS0021B60S",2017-06-28,10,12.1,8.4
"7851","USS0021B60S",2017-06-29,14.3,21.3,9
"7852","USS0021B60S",2017-06-30,18.4,25,13.1
"7853","USS0021B60S",2017-07-01,13.2,18.6,10
"7854","USS0021B60S",2017-07-02,14.2,20.2,9.6
"7855","USS0021B60S",2017-07-03,11.7,17.4,8.9
"7856","USS0021B60S",2017-07-04,13.1,20.4,7.6
"7857","USS0021B60S",2017-07-05,17.8,25.2,11.5
"7858","USS0021B60S",2017-07-06,19,25,13.5
"7859","USS0021B60S",2017-07-07,15.7,20.3,11.2
"7860","USS0021B60S",2017-07-08,15.4,22.1,10.9
"7861","USS0021B60S",2017-07-09,15.1,21.2,10.5
"7862","USS0021B60S",2017-07-10,12.1,15.7,8.6
"7863","USS0021B60S",2017-07-11,11.5,17.2,7.1
"7864","USS0021B60S",2017-07-12,14.3,20.9,9.4
"7865","USS0021B60S",2017-07-13,11.6,17.5,9.3
"7866","USS0021B60S",2017-07-14,15,21.7,9.1
"7867","USS0021B60S",2017-07-15,13.7,19.4,8.8
"7868","USS0021B60S",2017-07-16,10,15.3,7.2
"7869","USS0021B60S",2017-07-17,12.8,19.3,6.8
"7870","USS0021B60S",2017-07-18,15.4,22.3,10.4
"7871","USS0021B60S",2017-07-19,14.2,20.5,9.4
"7872","USS0021B60S",2017-07-20,10.9,14.6,9.1
"7873","USS0021B60S",2017-07-21,13.3,19,8.5
"7874","USS0021B60S",2017-07-22,16.9,23.8,13
"7875","USS0021B60S",2017-07-23,14.9,20.3,11
"7876","USS0021B60S",2017-07-24,15.5,22.2,9.2
"7877","USS0021B60S",2017-07-25,17.8,24.5,12.8
"7878","USS0021B60S",2017-07-26,17.5,24.1,13.1
"7879","USS0021B60S",2017-07-27,12.2,16.3,9.5
"7880","USS0021B60S",2017-07-28,13.5,20.7,9.1
"7881","USS0021B60S",2017-07-29,15.6,22.1,10.7
"7882","USS0021B60S",2017-07-30,15.6,21.9,11
"7883","USS0021B60S",2017-07-31,17.2,24,11.7
"7884","USS0021B60S",2017-08-01,20.2,26.9,14.7
"7885","USS0021B60S",2017-08-02,23.1,28.2,18.5
"7886","USS0021B60S",2017-08-03,23.9,30.2,19.6
"7887","USS0021B60S",2017-08-04,21.4,27.9,17.2
"7888","USS0021B60S",2017-08-05,18.3,22.8,15.5
"7889","USS0021B60S",2017-08-06,19.3,25.1,15.2
"7890","USS0021B60S",2017-08-07,20.3,26.1,16
"7891","USS0021B60S",2017-08-08,20.4,26.2,16.5
"7892","USS0021B60S",2017-08-09,21,27.9,16.6
"7893","USS0021B60S",2017-08-10,21.5,27.9,17.2
"7894","USS0021B60S",2017-08-11,19.4,25,14.7
"7895","USS0021B60S",2017-08-12,14.5,19.6,11.3
"7896","USS0021B60S",2017-08-13,11.1,13.6,8.4
"7897","USS0021B60S",2017-08-14,10.4,15.1,6.9
"7898","USS0021B60S",2017-08-15,12.8,18.9,8.3
"7899","USS0021B60S",2017-08-16,14.5,19.4,10.4
"7900","USS0021B60S",2017-08-17,12.7,18.3,10.4
"7901","USS0021B60S",2017-08-18,13.1,17.3,10.7
"7902","USS0021B60S",2017-08-19,11.9,18.4,8.2
"7903","USS0021B60S",2017-08-20,13.3,19.3,9.7
"7904","USS0021B60S",2017-08-21,17,23,11.3
"7905","USS0021B60S",2017-08-22,19.6,24.4,14.4
"7906","USS0021B60S",2017-08-23,15.6,21.5,11.6
"7907","USS0021B60S",2017-08-24,9.9,13.3,7.1
"7908","USS0021B60S",2017-08-25,11.5,17.7,6.7
"7909","USS0021B60S",2017-08-26,16.5,22.4,10.6
"7910","USS0021B60S",2017-08-27,21,25.6,17
"7911","USS0021B60S",2017-08-28,23.4,28.6,18.6
"7912","USS0021B60S",2017-08-29,21.8,26.9,14
"7913","USS0021B60S",2017-08-30,14.3,18.5,11.7
"7914","USS0021B60S",2017-08-31,13.5,19.2,11
"7915","USS0021B60S",2017-09-01,17.6,23.3,12.3
"7916","USS0021B60S",2017-09-02,20.9,26.4,17.5
"7917","USS0021B60S",2017-09-03,21.5,26.6,18.2
"7918","USS0021B60S",2017-09-04,24.4,29.4,19.4
"7919","USS0021B60S",2017-09-05,25.5,30.2,22.4
"7920","USS0021B60S",2017-09-06,20.4,24.7,15
"7921","USS0021B60S",2017-09-07,16.1,19,13.8
"7922","USS0021B60S",2017-09-08,13.3,14.8,12.6
"7923","USS0021B60S",2017-09-09,11.1,13.7,10
"7924","USS0021B60S",2017-09-10,11.2,15.2,8.6
"7925","USS0021B60S",2017-09-11,16.9,22.3,11.3
"7926","USS0021B60S",2017-09-12,13.7,19.7,11.2
"7927","USS0021B60S",2017-09-13,9.1,11.2,7.7
"7928","USS0021B60S",2017-09-14,10.3,15,7.6
"7929","USS0021B60S",2017-09-15,11.8,16.6,8
"7930","USS0021B60S",2017-09-16,13,17,9.9
"7931","USS0021B60S",2017-09-17,10.1,12.8,6.3
"7932","USS0021B60S",2017-09-18,5.4,7,3.4
"7933","USS0021B60S",2017-09-19,4.3,5.8,2.8
"7934","USS0021B60S",2017-09-20,5,8.1,3.4
"7935","USS0021B60S",2017-09-21,6.2,9.1,4.7
"7936","USS0021B60S",2017-09-22,7.7,10.9,5.5
"7937","USS0021B60S",2017-09-23,9.3,12.8,7
"7938","USS0021B60S",2017-09-24,10.3,15.2,7.3
"7939","USS0021B60S",2017-09-25,10,12.2,8.1
"7940","USS0021B60S",2017-09-26,12.1,17.1,7.9
"7941","USS0021B60S",2017-09-27,16.2,20.3,13.2
"7942","USS0021B60S",2017-09-28,17.2,22,13.6
"7943","USS0021B60S",2017-09-29,10.3,14.7,6.2
"7944","USS0021B60S",2017-09-30,6.2,7.4,2.8
"7945","USS0021B60S",2017-10-01,5.3,7.6,3.4
"7946","USS0021B60S",2017-10-02,5.7,9.4,2.8
"7947","USS0021B60S",2017-10-03,9.2,13.2,6.7
"7948","USS0021B60S",2017-10-04,10.2,13.8,7.7
"7949","USS0021B60S",2017-10-05,10.9,15.7,8.1
"7950","USS0021B60S",2017-10-06,8.6,11.9,6.5
"7951","USS0021B60S",2017-10-07,4.5,7.2,2.4
"7952","USS0021B60S",2017-10-08,5.1,7.8,3.7
"7953","USS0021B60S",2017-10-09,7.8,12.1,3.7
"7954","USS0021B60S",2017-10-10,5.5,11,1.3
"7955","USS0021B60S",2017-10-11,2.6,5.2,1.5
"7956","USS0021B60S",2017-10-12,2.3,3.6,1.4
"7957","USS0021B60S",2017-10-13,1.5,3.3,0.3
"7958","USS0021B60S",2017-10-14,3.5,7.2,0.7
"7959","USS0021B60S",2017-10-15,9,13.8,5.6
"7960","USS0021B60S",2017-10-16,9.4,13,7.1
"7961","USS0021B60S",2017-10-17,6.3,10.7,3.4
"7962","USS0021B60S",2017-10-18,7.3,10.4,3.1
"7963","USS0021B60S",2017-10-19,5.2,7.4,3.4
"7964","USS0021B60S",2017-10-20,2.8,4.3,1.6
"7965","USS0021B60S",2017-10-21,5.3,9.6,1.8
"7966","USS0021B60S",2017-10-22,6,7.8,4.8
"7967","USS0021B60S",2017-10-23,8.1,11.9,4.7
"7968","USS0021B60S",2017-10-24,12.9,16.6,10.1
"7969","USS0021B60S",2017-10-25,9,12.7,7.1
"7970","USS0021B60S",2017-10-26,8.8,12.5,5.9
"7971","USS0021B60S",2017-10-27,15.4,18.9,10.9
"7972","USS0021B60S",2017-10-28,15.1,18.8,11
"7973","USS0021B60S",2017-10-29,11.3,14.7,9
"7974","USS0021B60S",2017-10-30,7.9,10.2,5.7
"7975","USS0021B60S",2017-10-31,7.5,11.9,4.4
"7976","USS0021B60S",2017-11-01,3.3,5.3,1.6
"7977","USS0021B60S",2017-11-02,1.3,2.9,-0.2
"7978","USS0021B60S",2017-11-03,-0.3,2.4,-1.6
"7979","USS0021B60S",2017-11-04,-1.2,0.2,-2
"7980","USS0021B60S",2017-11-05,-0.9,2,-3.5
"7981","USS0021B60S",2017-11-06,-1.3,1.8,-3.5
"7982","USS0021B60S",2017-11-07,0.6,4.5,-3.2
"7983","USS0021B60S",2017-11-08,4.3,5.7,2.3
"7984","USS0021B60S",2017-11-09,3.4,5.7,1.3
"7985","USS0021B60S",2017-11-10,3.5,5.4,2.2
"7986","USS0021B60S",2017-11-11,4.6,6.2,2.4
"7987","USS0021B60S",2017-11-12,5.2,6.9,3.5
"7988","USS0021B60S",2017-11-13,3.2,7.4,1.1
"7989","USS0021B60S",2017-11-14,2.5,4.2,1.2
"7990","USS0021B60S",2017-11-15,1.6,3.1,0.6
"7991","USS0021B60S",2017-11-16,0.6,1.2,0.3
"7992","USS0021B60S",2017-11-17,0.6,1.2,0.1
"7993","USS0021B60S",2017-11-18,1.8,3.2,1.2
"7994","USS0021B60S",2017-11-19,2.3,4.6,0.5
"7995","USS0021B60S",2017-11-20,3.3,6.1,0.3
"7996","USS0021B60S",2017-11-21,7.6,10.3,0.9
"7997","USS0021B60S",2017-11-22,10.2,11.7,8.8
"7998","USS0021B60S",2017-11-23,5.9,10.5,3.1
"7999","USS0021B60S",2017-11-24,2.3,3.2,1.4
"8000","USS0021B60S",2017-11-25,5.1,8.4,2.4
"8001","USS0021B60S",2017-11-26,5,10.6,0.9
"8002","USS0021B60S",2017-11-27,1.2,1.5,0.8
"8003","USS0021B60S",2017-11-28,1.3,2.9,0.3
"8004","USS0021B60S",2017-11-29,1.7,3.4,0.9
"8005","USS0021B60S",2017-11-30,2,3.5,0.9
"8006","USS0021B60S",2017-12-01,1.3,3.1,0
"8007","USS0021B60S",2017-12-02,1,2.1,-0.1
"8008","USS0021B60S",2017-12-03,-0.5,0.6,-2.5
"8009","USS0021B60S",2017-12-04,-1.9,-0.6,-2.9
"8010","USS0021B60S",2017-12-05,2.6,6.5,-2.2
"8011","USS0021B60S",2017-12-06,7,10.1,4.4
"8012","USS0021B60S",2017-12-07,11.4,14.1,8.6
"8013","USS0021B60S",2017-12-08,10.4,12.8,8.6
"8014","USS0021B60S",2017-12-09,10.8,12.8,9.1
"8015","USS0021B60S",2017-12-10,12.4,15.2,8.8
"8016","USS0021B60S",2017-12-11,10.7,15.4,7
"8017","USS0021B60S",2017-12-12,7.2,9.3,5.3
"8018","USS0021B60S",2017-12-13,6.5,8.7,2.9
"8019","USS0021B60S",2017-12-14,7.9,10.1,5.5
"8020","USS0021B60S",2017-12-15,2.4,7.2,0.1
"8021","USS0021B60S",2017-12-16,0.6,1.5,0.1
"8022","USS0021B60S",2017-12-17,2.6,4.1,0.6
"8023","USS0021B60S",2017-12-18,2.2,4.6,0.6
"8024","USS0021B60S",2017-12-19,1.4,4.1,-0.8
"8025","USS0021B60S",2017-12-20,-2.3,-0.7,-4.3
"8026","USS0021B60S",2017-12-21,-2.4,-0.4,-4.2
"8027","USS0021B60S",2017-12-22,-1.3,1,-3.4
"8028","USS0021B60S",2017-12-23,-3.7,-1.3,-5.7
"8029","USS0021B60S",2017-12-24,-1.3,0.6,-3.9
"8030","USS0021B60S",2017-12-25,-1.9,0,-2.9
"8031","USS0021B60S",2017-12-26,-2,0.5,-2.8
"8032","USS0021B60S",2017-12-27,0.2,2.1,-1.8
"8033","USS0021B60S",2017-12-28,1.9,3.1,1.2
"8034","USS0021B60S",2017-12-29,4.3,6.7,1.6
"8035","USS0021B60S",2017-12-30,0.7,1.6,-0.9
"8036","USS0021B60S",2017-12-31,1.3,4.2,-1.3
"8037","USS0021B60S",2018-01-01,4.9,9.3,1.8
"8038","USS0021B60S",2018-01-02,9.6,11.9,7.4
"8039","USS0021B60S",2018-01-03,8.8,10.7,6.9
"8040","USS0021B60S",2018-01-04,8.5,10.3,5.9
"8041","USS0021B60S",2018-01-05,6,8.1,3.8
"8042","USS0021B60S",2018-01-06,1.6,4.2,0.9
"8043","USS0021B60S",2018-01-07,1.6,3.7,0.7
"8044","USS0021B60S",2018-01-08,3.7,5.2,2.5
"8045","USS0021B60S",2018-01-09,1.7,4,-0.3
"8046","USS0021B60S",2018-01-10,0.3,1.4,-0.6
"8047","USS0021B60S",2018-01-11,2.5,4.4,1.3
"8048","USS0021B60S",2018-01-12,3.8,4.6,2.4
"8049","USS0021B60S",2018-01-13,6.7,11.9,3.1
"8050","USS0021B60S",2018-01-14,11.2,13.9,7.3
"8051","USS0021B60S",2018-01-15,8.2,11.5,5.5
"8052","USS0021B60S",2018-01-16,4,7.1,2.4
"8053","USS0021B60S",2018-01-17,5.4,8.4,4
"8054","USS0021B60S",2018-01-18,1.2,4.1,-0.1
"8055","USS0021B60S",2018-01-19,0.5,1.3,-0.1
"8056","USS0021B60S",2018-01-20,0.5,1.7,-0.8
"8057","USS0021B60S",2018-01-21,1.3,2.4,0.1
"8058","USS0021B60S",2018-01-22,0.3,0.8,-0.7
"8059","USS0021B60S",2018-01-23,1.5,3.5,-0.4
"8060","USS0021B60S",2018-01-24,2,3.6,-0.6
"8061","USS0021B60S",2018-01-25,-0.9,0.1,-2.3
"8062","USS0021B60S",2018-01-26,-0.7,0.1,-1.4
"8063","USS0021B60S",2018-01-27,1.4,2.1,0.1
"8064","USS0021B60S",2018-01-28,4.4,6.2,1.3
"8065","USS0021B60S",2018-01-29,4.9,8.2,1
"8066","USS0021B60S",2018-01-30,0.1,0.9,-0.9
"8067","USS0021B60S",2018-01-31,-0.4,0.2,-1
"8068","USS0021B60S",2018-02-01,1.7,3.7,-0.1
"8069","USS0021B60S",2018-02-02,4.7,6,3.2
"8070","USS0021B60S",2018-02-03,4.4,5.6,3.4
"8071","USS0021B60S",2018-02-04,5.1,6.8,3.6
"8072","USS0021B60S",2018-02-05,2.4,3.7,1.5
"8073","USS0021B60S",2018-02-06,2.1,3.2,1.3
"8074","USS0021B60S",2018-02-07,4.1,5.7,2.4
"8075","USS0021B60S",2018-02-08,3.7,6.4,0.3
"8076","USS0021B60S",2018-02-09,0.1,1.5,-1
"8077","USS0021B60S",2018-02-10,-1.3,1.1,-2.6
"8078","USS0021B60S",2018-02-11,-1.4,1.5,-2.6
"8079","USS0021B60S",2018-02-12,-2.2,1,-4.5
"8080","USS0021B60S",2018-02-13,0.5,6.2,-2.3
"8081","USS0021B60S",2018-02-14,-0.7,1.3,-2.3
"8082","USS0021B60S",2018-02-15,-0.7,2.3,-2.2
"8083","USS0021B60S",2018-02-16,0.5,2,-0.8
"8084","USS0021B60S",2018-02-17,0.6,2.3,-2
"8085","USS0021B60S",2018-02-18,-3.2,1.9,-6.6
"8086","USS0021B60S",2018-02-19,-6.5,-0.4,-8.9
"8087","USS0021B60S",2018-02-20,-6,-1.3,-9.4
"8088","USS0021B60S",2018-02-21,-6.3,-1.5,-9.2
"8089","USS0021B60S",2018-02-22,-6.2,-0.9,-8.7
"8090","USS0021B60S",2018-02-23,-5.1,-1.5,-8.1
"8091","USS0021B60S",2018-02-24,-2,-0.9,-2.8
"8092","USS0021B60S",2018-02-25,-1.8,0,-3.8
"8093","USS0021B60S",2018-02-26,-2.5,0.2,-4
"8094","USS0021B60S",2018-02-27,-1,0.9,-2.3
"8095","USS0021B60S",2018-02-28,0.1,1.8,-1.6
"8096","USS0021B60S",2018-03-01,0.9,4.8,-1.1
"8097","USS0021B60S",2018-03-02,-0.4,2.5,-1.8
"8098","USS0021B60S",2018-03-03,1.2,10.3,-1.9
"8099","USS0021B60S",2018-03-04,-0.2,0.5,-1
"8100","USS0021B60S",2018-03-05,-0.5,3.3,-1.3
"8101","USS0021B60S",2018-03-06,0.1,3.7,-2.7
"8102","USS0021B60S",2018-03-07,5,9.2,0.2
"8103","USS0021B60S",2018-03-08,3.4,6.1,1.5
"8104","USS0021B60S",2018-03-09,0.3,3,-1.5
"8105","USS0021B60S",2018-03-10,3.4,8.3,-1.6
"8106","USS0021B60S",2018-03-11,7.1,12,3.8
"8107","USS0021B60S",2018-03-12,8.9,12.5,5.8
"8108","USS0021B60S",2018-03-13,6.3,12.1,1.5
"8109","USS0021B60S",2018-03-14,1.5,5.2,-0.8
"8110","USS0021B60S",2018-03-15,2.2,7.8,-2
"8111","USS0021B60S",2018-03-16,4.2,10.9,0.5
"8112","USS0021B60S",2018-03-17,2.2,6.2,0.3
"8113","USS0021B60S",2018-03-18,1.5,4.6,-0.7
"8114","USS0021B60S",2018-03-19,1.7,6,-0.6
"8115","USS0021B60S",2018-03-20,3,9,-0.4
"8116","USS0021B60S",2018-03-21,5.6,10.7,2.3
"8117","USS0021B60S",2018-03-22,1.1,7,-2.1
"8118","USS0021B60S",2018-03-23,-0.4,5.3,-1.9
"8119","USS0021B60S",2018-03-24,-1.1,2.7,-2.9
"8120","USS0021B60S",2018-03-25,-0.4,6.5,-3.7
"8121","USS0021B60S",2018-03-26,0.6,2.2,-0.9
"8122","USS0021B60S",2018-03-27,2.8,4.6,1.5
"8123","USS0021B60S",2018-03-28,1.7,5.3,0.4
"8124","USS0021B60S",2018-03-29,2.6,4.8,0.9
"8125","USS0021B60S",2018-03-30,3.2,6.1,1.9
"8126","USS0021B60S",2018-03-31,4.6,10.4,1.4
"8127","USS0021B60S",2018-04-01,-0.2,3,-2.9
"8128","USS0021B60S",2018-04-02,-0.6,4.9,-3
"8129","USS0021B60S",2018-04-03,1.2,5.5,-1.5
"8130","USS0021B60S",2018-04-04,2.4,5.6,-0.3
"8131","USS0021B60S",2018-04-05,5.2,6.6,4.2
"8132","USS0021B60S",2018-04-06,7.9,13.5,4.5
"8133","USS0021B60S",2018-04-07,4.8,9.7,2
"8134","USS0021B60S",2018-04-08,2.1,3.5,1
"8135","USS0021B60S",2018-04-09,6.8,11.4,1.5
"8136","USS0021B60S",2018-04-10,5.9,11.2,1.8
"8137","USS0021B60S",2018-04-11,3.4,7.7,0
"8138","USS0021B60S",2018-04-12,0.9,5.1,-0.3
"8139","USS0021B60S",2018-04-13,2.5,4.4,0.3
"8140","USS0021B60S",2018-04-14,2.7,4.2,1.5
"8141","USS0021B60S",2018-04-15,3.7,8,1.3
"8142","USS0021B60S",2018-04-16,0.9,2.9,0
"8143","USS0021B60S",2018-04-17,1,2.8,0
"8144","USS0021B60S",2018-04-18,3.3,8.9,0
"8145","USS0021B60S",2018-04-19,5.9,12.3,1.8
"8146","USS0021B60S",2018-04-20,6.4,12.5,2.7
"8147","USS0021B60S",2018-04-21,2.1,5.6,0.4
"8148","USS0021B60S",2018-04-22,3.9,10,-0.3
"8149","USS0021B60S",2018-04-23,9.6,15.2,3
"8150","USS0021B60S",2018-04-24,12,17.1,7.5
"8151","USS0021B60S",2018-04-25,12.7,17.6,7.9
"8152","USS0021B60S",2018-04-26,15.3,20.7,11.6
"8153","USS0021B60S",2018-04-27,8.6,15.3,3.8
"8154","USS0021B60S",2018-04-28,3.7,5.3,2.2
"8155","USS0021B60S",2018-04-29,3.9,7.5,2.4
"8156","USS0021B60S",2018-04-30,3.6,5.5,2.2
"8157","USS0021B60S",2018-05-01,4.5,7,3.2
"8158","USS0021B60S",2018-05-02,8.1,13.4,3.6
"8159","USS0021B60S",2018-05-03,10.1,15.6,5.5
"8160","USS0021B60S",2018-05-04,7.2,13,4.3
"8161","USS0021B60S",2018-05-05,9.9,14.1,5.3
"8162","USS0021B60S",2018-05-06,11.9,16.9,8.1
"8163","USS0021B60S",2018-05-07,9.1,13.4,6.2
"8164","USS0021B60S",2018-05-08,12.7,21.4,8.1
"8165","USS0021B60S",2018-05-09,6.8,10,4.6
"8166","USS0021B60S",2018-05-10,4.3,6.8,3.5
"8167","USS0021B60S",2018-05-11,6,10.4,3.3
"8168","USS0021B60S",2018-05-12,12,16.7,6.2
"8169","USS0021B60S",2018-05-13,16.2,20.7,10.6
"8170","USS0021B60S",2018-05-14,18.1,23.3,14.1
"8171","USS0021B60S",2018-05-15,14.9,20,9.7
"8172","USS0021B60S",2018-05-16,9,11.2,7.5
"8173","USS0021B60S",2018-05-17,7.6,8.9,6.5
"8174","USS0021B60S",2018-05-18,8.6,10.6,7
"8175","USS0021B60S",2018-05-19,10.9,15.8,7.1
"8176","USS0021B60S",2018-05-20,8,9.5,7
"8177","USS0021B60S",2018-05-21,9,12.4,6.8
"8178","USS0021B60S",2018-05-22,15.5,21.6,8.1
"8179","USS0021B60S",2018-05-23,15.9,21.2,9.7
"8180","USS0021B60S",2018-05-24,11.1,15.6,8.5
"8181","USS0021B60S",2018-05-25,9.5,12.7,7.4
"8182","USS0021B60S",2018-05-26,7.2,10.7,4.4
"8183","USS0021B60S",2018-05-27,11.4,17.1,6.4
"8184","USS0021B60S",2018-05-28,9.2,13.2,6.5
"8185","USS0021B60S",2018-05-29,6.2,10.8,3.9
"8186","USS0021B60S",2018-05-30,6.4,11.3,2.1
"8187","USS0021B60S",2018-05-31,5.7,7.6,4.4
"8188","USS0021B60S",2018-06-01,6.5,12,3.4
"8189","USS0021B60S",2018-06-02,13,18.7,6.8
"8190","USS0021B60S",2018-06-03,9.9,13.7,5.3
"8191","USS0021B60S",2018-06-04,6.4,11.1,4.4
"8192","USS0021B60S",2018-06-05,9.1,14.7,4.9
"8193","USS0021B60S",2018-06-06,12.3,18.4,6.2
"8194","USS0021B60S",2018-06-07,9.2,14.1,7.1
"8195","USS0021B60S",2018-06-08,8.5,11.3,7.2
"8196","USS0021B60S",2018-06-09,5.3,8.3,3.3
"8197","USS0021B60S",2018-06-10,4.1,7.1,2.5
"8198","USS0021B60S",2018-06-11,7,12.4,3.4
"8199","USS0021B60S",2018-06-12,11.7,16.9,5.9
"8200","USS0021B60S",2018-06-13,7.3,9.8,5.5
"8201","USS0021B60S",2018-06-14,7.3,10.2,5.1
"8202","USS0021B60S",2018-06-15,8.9,13.3,5.9
"8203","USS0021B60S",2018-06-16,11.5,18.5,6.5
"8204","USS0021B60S",2018-06-17,17.6,23.7,11.9
"8205","USS0021B60S",2018-06-18,18,24.4,14.1
"8206","USS0021B60S",2018-06-19,19,25,14
"8207","USS0021B60S",2018-06-20,20.2,26.9,13.4
"8208","USS0021B60S",2018-06-21,11.5,13.4,10.1
"8209","USS0021B60S",2018-06-22,9.8,11.4,8.9
"8210","USS0021B60S",2018-06-23,9.7,12.4,7.5
"8211","USS0021B60S",2018-06-24,15.1,23.4,8.7
"8212","USS0021B60S",2018-06-25,8.9,12.7,7.2
"8213","USS0021B60S",2018-06-26,9.4,15.1,6.3
"8214","USS0021B60S",2018-06-27,9.9,13.3,6.4
"8215","USS0021B60S",2018-06-28,8.4,12.1,6.4
"8216","USS0021B60S",2018-06-29,9.3,10.9,8.1
"8217","USS0021B60S",2018-06-30,9.5,10.7,8.3
"8218","USS0021B60S",2018-07-01,9,11.3,6.5
"8219","USS0021B60S",2018-07-02,7.3,11.9,5.1
"8220","USS0021B60S",2018-07-03,11.1,17.5,5.8
"8221","USS0021B60S",2018-07-04,16.7,21.5,12.1
"8222","USS0021B60S",2018-07-05,18,23.2,13.8
"8223","USS0021B60S",2018-07-06,14.6,20.7,9.4
"8224","USS0021B60S",2018-07-07,10.7,14.9,8.9
"8225","USS0021B60S",2018-07-08,14.9,21.6,8.8
"8226","USS0021B60S",2018-07-09,13.2,18.1,9.7
"8227","USS0021B60S",2018-07-10,10.8,14.8,8.3
"8228","USS0021B60S",2018-07-11,15,21.7,8.7
"8229","USS0021B60S",2018-07-12,18.6,25.2,12.8
"8230","USS0021B60S",2018-07-13,18.5,24,14.5
"8231","USS0021B60S",2018-07-14,18.3,24.9,12.1
"8232","USS0021B60S",2018-07-15,21.7,28.7,16.7
"8233","USS0021B60S",2018-07-16,21.2,27.1,16.5
"8234","USS0021B60S",2018-07-17,19,25.3,13
"8235","USS0021B60S",2018-07-18,13.9,20.7,9.5
"8236","USS0021B60S",2018-07-19,10,12.3,8.4
"8237","USS0021B60S",2018-07-20,10.8,15.6,8.2
"8238","USS0021B60S",2018-07-21,12.2,17.5,7.6
"8239","USS0021B60S",2018-07-22,17.7,25,10.7
"8240","USS0021B60S",2018-07-23,19.7,25.8,15.4
"8241","USS0021B60S",2018-07-24,19,25.2,13.8
"8242","USS0021B60S",2018-07-25,19.8,26,15.1
"8243","USS0021B60S",2018-07-26,20.2,26.4,16.1
"8244","USS0021B60S",2018-07-27,19.2,24.7,15.4
"8245","USS0021B60S",2018-07-28,18.7,23.8,14.9
"8246","USS0021B60S",2018-07-29,22.6,29.6,16.2
"8247","USS0021B60S",2018-07-30,23.3,28.8,17.1
"8248","USS0021B60S",2018-07-31,18.5,23.7,14
"8249","USS0021B60S",2018-08-01,15.6,20.4,11.4
"8250","USS0021B60S",2018-08-02,10.6,11.5,9.4
"8251","USS0021B60S",2018-08-03,10.3,11.8,9
"8252","USS0021B60S",2018-08-04,13.7,19.3,9
"8253","USS0021B60S",2018-08-05,17.4,24,11.9
"8254","USS0021B60S",2018-08-06,19.1,24.9,14.9
"8255","USS0021B60S",2018-08-07,20.2,26.1,14.9
"8256","USS0021B60S",2018-08-08,23.2,29,18.9
"8257","USS0021B60S",2018-08-09,21.9,27.5,17.9
"8258","USS0021B60S",2018-08-10,19.5,24.9,12.9
"8259","USS0021B60S",2018-08-11,11.8,13.5,10.5
"8260","USS0021B60S",2018-08-12,12.4,16.7,9.9
"8261","USS0021B60S",2018-08-13,17.7,21.9,11.3
"8262","USS0021B60S",2018-08-14,20.5,24.7,17
"8263","USS0021B60S",2018-08-15,19.7,25.1,16
"8264","USS0021B60S",2018-08-16,16.6,21.4,12.1
"8265","USS0021B60S",2018-08-17,12.6,17.5,10.9
"8266","USS0021B60S",2018-08-18,14.8,19.9,10.1
"8267","USS0021B60S",2018-08-19,16.2,20.9,13.5
"8268","USS0021B60S",2018-08-20,17.1,20.7,13
"8269","USS0021B60S",2018-08-21,20.4,26,16.3
"8270","USS0021B60S",2018-08-22,19.2,24.6,14
"8271","USS0021B60S",2018-08-23,12,16.9,9
"8272","USS0021B60S",2018-08-24,9.1,11.3,7.3
"8273","USS0021B60S",2018-08-25,8.9,11.1,7.5
"8274","USS0021B60S",2018-08-26,8.9,9.7,8.4
"8275","USS0021B60S",2018-08-27,11.3,17.1,7.1
"8276","USS0021B60S",2018-08-28,14.8,21.1,10.2
"8277","USS0021B60S",2018-08-29,14.6,19.8,10.6
"8278","USS0021B60S",2018-08-30,11.7,15.8,9.1
"8279","USS0021B60S",2018-08-31,9.9,11.5,8.3
"8280","USS0021B60S",2018-09-01,9.6,12.8,7.3
"8281","USS0021B60S",2018-09-02,11.6,17.7,7.5
"8282","USS0021B60S",2018-09-03,10.9,15.6,8.8
"8283","USS0021B60S",2018-09-04,13.1,18.1,8.5
"8284","USS0021B60S",2018-09-05,17.2,21.8,13.3
"8285","USS0021B60S",2018-09-06,17.1,22.3,11.9
"8286","USS0021B60S",2018-09-07,14.2,20.8,9.8
"8287","USS0021B60S",2018-09-08,10.1,12.5,8.8
"8288","USS0021B60S",2018-09-09,11.7,16.9,8.7
"8289","USS0021B60S",2018-09-10,9,11.5,8.1
"8290","USS0021B60S",2018-09-11,8.2,10,7
"8291","USS0021B60S",2018-09-12,8.2,12.7,6.8
"8292","USS0021B60S",2018-09-13,8.1,11.5,6.8
"8293","USS0021B60S",2018-09-14,8.2,11.1,6.7
"8294","USS0021B60S",2018-09-15,8,9.8,6.6
"8295","USS0021B60S",2018-09-16,7,9,4.4
"8296","USS0021B60S",2018-09-17,7.5,10.9,4.7
"8297","USS0021B60S",2018-09-18,8.4,13,5.7
"8298","USS0021B60S",2018-09-19,8.7,12.8,6.3
"8299","USS0021B60S",2018-09-20,8.1,10.7,6.3
"8300","USS0021B60S",2018-09-21,11.4,16.2,8.4
"8301","USS0021B60S",2018-09-22,8.6,10.3,6
"8302","USS0021B60S",2018-09-23,6.2,7.7,4.9
"8303","USS0021B60S",2018-09-24,8.1,13.5,4.6
"8304","USS0021B60S",2018-09-25,11.2,15.3,7.5
"8305","USS0021B60S",2018-09-26,13.4,18.4,10.5
"8306","USS0021B60S",2018-09-27,15.2,19.6,11.5
"8307","USS0021B60S",2018-09-28,15.4,19.8,12.9
"8308","USS0021B60S",2018-09-29,13.2,18,8.7
"8309","USS0021B60S",2018-09-30,9.4,10.8,8.3
"8310","USS0021B60S",2018-10-01,9.2,9.9,8.1
"8311","USS0021B60S",2018-10-02,5.3,9.7,1.3
"8312","USS0021B60S",2018-10-03,5.1,9,0.9
"8313","USS0021B60S",2018-10-04,5.7,9.9,3.4
"8314","USS0021B60S",2018-10-05,4.8,6.5,3.4
"8315","USS0021B60S",2018-10-06,4.4,7,2.6
"8316","USS0021B60S",2018-10-07,6.2,9,3.6
"8317","USS0021B60S",2018-10-08,7.7,9.1,6.7
"8318","USS0021B60S",2018-10-09,6.8,8.2,5.9
"8319","USS0021B60S",2018-10-10,7.1,10.3,5.7
"8320","USS0021B60S",2018-10-11,7.4,11.9,5.2
"8321","USS0021B60S",2018-10-12,7.5,13.4,3.7
"8322","USS0021B60S",2018-10-13,6.4,10.5,3.4
"8323","USS0021B60S",2018-10-14,8.5,11.4,4.4
"8324","USS0021B60S",2018-10-15,13.5,17.6,9
"8325","USS0021B60S",2018-10-16,15.5,18.3,13.3
"8326","USS0021B60S",2018-10-17,14.2,17.5,12.3
"8327","USS0021B60S",2018-10-18,12.4,16.4,10.4
"8328","USS0021B60S",2018-10-19,14,17.9,11.8
"8329","USS0021B60S",2018-10-20,13,16.4,10.5
"8330","USS0021B60S",2018-10-21,13.2,17.4,10.9
"8331","USS0021B60S",2018-10-22,13.8,17.5,11.4
"8332","USS0021B60S",2018-10-23,10.5,14.7,6.5
"8333","USS0021B60S",2018-10-24,6.9,8.9,6
"8334","USS0021B60S",2018-10-25,8.3,9.4,6.1
"8335","USS0021B60S",2018-10-26,8.3,10.5,4.7
"8336","USS0021B60S",2018-10-27,6.9,11,3.1
"8337","USS0021B60S",2018-10-28,5.1,7.7,3.2
"8338","USS0021B60S",2018-10-29,4.2,5.2,3.2
"8339","USS0021B60S",2018-10-30,4.7,6.8,3.6
"8340","USS0021B60S",2018-10-31,7.3,9,3.6
"8341","USS0021B60S",2018-11-01,8.8,10.1,7.7
"8342","USS0021B60S",2018-11-02,7.1,8.8,5.3
"8343","USS0021B60S",2018-11-03,5.7,6.2,4.5
"8344","USS0021B60S",2018-11-04,5.3,7.3,2.6
"8345","USS0021B60S",2018-11-05,4.3,4.9,2.1
"8346","USS0021B60S",2018-11-06,3.2,4.6,1.6
"8347","USS0021B60S",2018-11-07,1.6,4.1,0.3
"8348","USS0021B60S",2018-11-08,3.4,7,0
"8349","USS0021B60S",2018-11-09,3.5,7.8,0.5
"8350","USS0021B60S",2018-11-10,1.5,3.1,-0.2
"8351","USS0021B60S",2018-11-11,3.8,7.1,1.1
"8352","USS0021B60S",2018-11-12,8.4,11.7,3.4
"8353","USS0021B60S",2018-11-13,9.2,12,5.1
"8354","USS0021B60S",2018-11-14,6.1,6.9,4.2
"8355","USS0021B60S",2018-11-15,5.3,6.4,4.7
"8356","USS0021B60S",2018-11-16,5.5,7.4,2.5
"8357","USS0021B60S",2018-11-17,2.9,5,0.9
"8358","USS0021B60S",2018-11-18,6.2,10,2.7
"8359","USS0021B60S",2018-11-19,9.4,11.3,7.7
"8360","USS0021B60S",2018-11-20,10.2,12.5,8.4
"8361","USS0021B60S",2018-11-21,6.6,9.5,4.7
"8362","USS0021B60S",2018-11-22,3.2,5.4,1.1
"8363","USS0021B60S",2018-11-23,1.2,1.8,0.6
"8364","USS0021B60S",2018-11-24,1.3,3.6,-0.2
"8365","USS0021B60S",2018-11-25,4.3,8.1,0.8
"8366","USS0021B60S",2018-11-26,7.2,8.4,5.8
"8367","USS0021B60S",2018-11-27,5.4,7.3,3.2
"8368","USS0021B60S",2018-11-28,3.9,5,3
"8369","USS0021B60S",2018-11-29,2.9,4.7,1.6
"8370","USS0021B60S",2018-11-30,1.4,2.3,0.2
"8371","USS0021B60S",2018-12-01,0.8,2.1,0.1
"8372","USS0021B60S",2018-12-02,0.4,1.7,-1
"8373","USS0021B60S",2018-12-03,-1.1,0.6,-2.7
"8374","USS0021B60S",2018-12-04,-0.8,1.5,-3.1
"8375","USS0021B60S",2018-12-05,-0.7,2.1,-3.3
"8376","USS0021B60S",2018-12-06,-1.7,0.3,-3.5
"8377","USS0021B60S",2018-12-07,1.9,4.4,-1.1
"8378","USS0021B60S",2018-12-08,3.4,4.4,2.4
"8379","USS0021B60S",2018-12-09,3.3,5.5,1.3
"8380","USS0021B60S",2018-12-10,1.8,2.5,1.2
"8381","USS0021B60S",2018-12-11,2.8,5.7,0.9
"8382","USS0021B60S",2018-12-12,1,2.2,0.2
"8383","USS0021B60S",2018-12-13,3.5,7.3,1.5
"8384","USS0021B60S",2018-12-14,5.9,8.9,0.3
"8385","USS0021B60S",2018-12-15,1.5,3.6,-0.1
"8386","USS0021B60S",2018-12-16,4,5.9,1.2
"8387","USS0021B60S",2018-12-17,3.2,4.4,2.2
"8388","USS0021B60S",2018-12-18,3.3,4.8,1.9
"8389","USS0021B60S",2018-12-19,2.8,6.2,1.4
"8390","USS0021B60S",2018-12-20,3.3,7.5,-0.6
"8391","USS0021B60S",2018-12-21,-1.2,-0.1,-2.2
"8392","USS0021B60S",2018-12-22,1.3,3.9,-1.3
"8393","USS0021B60S",2018-12-23,1.3,2.2,0.7
"8394","USS0021B60S",2018-12-24,1,2.2,-1.4
"8395","USS0021B60S",2018-12-25,-0.7,0.6,-1.6
"8396","USS0021B60S",2018-12-26,-0.3,0.5,-1.3
"8397","USS0021B60S",2018-12-27,-0.6,1.4,-2.2
"8398","USS0021B60S",2018-12-28,0.9,3.9,-1.2
"8399","USS0021B60S",2018-12-29,3.6,5.1,0.5
"8400","USS0021B60S",2018-12-30,-0.4,0.7,-3
"8401","USS0021B60S",2018-12-31,-2.7,-1.4,-3.8
"8402","USS0021B60S",2019-01-01,-0.2,3.3,-2.5
"8403","USS0021B60S",2019-01-02,2.6,5,0.2
"8404","USS0021B60S",2019-01-03,5.1,5.9,3.9
"8405","USS0021B60S",2019-01-04,2.8,5,1.8
"8406","USS0021B60S",2019-01-05,5,6.8,2.7
"8407","USS0021B60S",2019-01-06,0.2,3.2,-1.6
"8408","USS0021B60S",2019-01-07,-1.6,0,-3.6
"8409","USS0021B60S",2019-01-08,2.2,6.2,-2.8
"8410","USS0021B60S",2019-01-09,4.5,6.2,3.3
"8411","USS0021B60S",2019-01-10,4.3,6.6,3.3
"8412","USS0021B60S",2019-01-11,7.2,9.4,5.1
"8413","USS0021B60S",2019-01-12,7.7,8.9,6.3
"8414","USS0021B60S",2019-01-13,NA,NA,NA
"8415","USS0021B60S",2019-01-14,NA,NA,NA
"8416","USS0021B60S",2019-01-15,NA,NA,NA
"8417","USS0021B60S",2019-01-16,NA,NA,NA
"8418","USS0021B60S",2019-01-17,NA,NA,NA
"8419","USS0021B60S",2019-01-18,NA,NA,NA
"8420","USS0021B60S",2019-01-19,NA,NA,NA
"8421","USS0021B60S",2019-01-20,NA,NA,NA
"8422","USS0021B60S",2019-01-21,NA,NA,NA
"8423","USS0021B60S",2019-01-22,NA,NA,NA
"8424","USS0021B60S",2019-01-23,NA,NA,NA
"8425","USS0021B60S",2019-01-24,NA,NA,NA
"8426","USS0021B60S",2019-01-25,NA,NA,NA
"8427","USS0021B60S",2019-01-26,NA,NA,NA
"8428","USS0021B60S",2019-01-27,NA,NA,NA
"8429","USS0021B60S",2019-01-28,NA,NA,NA
"8430","USS0021B60S",2019-01-29,NA,NA,NA
"8431","USS0021B60S",2019-01-30,NA,NA,NA
"8432","USS0021B60S",2019-01-31,NA,NA,NA
